timestamp,operator_name,device_id,battery_level,latitude,longitude,city_code,city_name
2026-06-21T14:05:05+09:00,ALPACA,425055,30.0,36.32547,127.348305,12,세종특별시
2026-06-21T14:05:05+09:00,ALPACA,425373,39.0,36.326492,127.33874,12,세종특별시
2026-06-21T14:05:05+09:00,ALPACA,425451,31.0,36.32762,127.33943,12,세종특별시
2026-06-21T14:05:05+09:00,ALPACA,424720,48.0,36.33012,127.34353,12,세종특별시
2026-06-21T14:05:05+09:00,ALPACA,425050,100.0,36.330578,127.340164,12,세종특별시
2026-06-21T14:05:05+09:00,ALPACA,425455,49.0,36.336636,127.33467,12,세종특별시
2026-06-21T14:05:05+09:00,ALPACA,425975,62.0,36.338486,127.34279,12,세종특별시
2026-06-21T14:05:05+09:00,ALPACA,425413,62.0,36.338505,127.33282,12,세종특별시
2026-06-21T14:05:05+09:00,ALPACA,424952,46.0,36.339375,127.34195,12,세종특별시
2026-06-21T14:05:05+09:00,ALPACA,425006,38.0,36.339462,127.34202,12,세종특별시
2026-06-21T14:05:05+09:00,ALPACA,424743,82.0,36.339527,127.342,12,세종특별시
2026-06-21T14:05:05+09:00,ALPACA,424714,55.0,36.340332,127.34499,12,세종특별시
2026-06-21T14:05:05+09:00,ALPACA,425212,34.0,36.341503,127.33795,12,세종특별시
2026-06-21T14:05:05+09:00,ALPACA,425061,76.0,36.341545,127.34444,12,세종특별시
2026-06-21T14:05:05+09:00,ALPACA,425057,52.0,36.341568,127.34428,12,세종특별시
2026-06-21T14:05:05+09:00,ALPACA,424770,77.0,36.34157,127.34442,12,세종특별시
2026-06-21T14:05:05+09:00,ALPACA,424908,77.0,36.34158,127.34444,12,세종특별시
2026-06-21T14:05:05+09:00,ALPACA,424920,49.0,36.341583,127.34441,12,세종특별시
2026-06-21T14:05:05+09:00,ALPACA,424350,47.0,36.34164,127.33769,12,세종특별시
2026-06-21T14:05:05+09:00,ALPACA,424710,79.0,36.34184,127.34715,12,세종특별시
2026-06-21T14:05:05+09:00,ALPACA,425679,41.0,36.342346,127.340965,12,세종특별시
2026-06-21T14:05:05+09:00,ALPACA,425476,97.0,36.342384,127.34097,12,세종특별시
2026-06-21T14:05:05+09:00,ALPACA,425126,97.0,36.342384,127.34094,12,세종특별시
2026-06-21T14:05:05+09:00,ALPACA,424450,54.0,36.34246,127.34149,12,세종특별시
2026-06-21T14:05:05+09:00,ALPACA,424868,64.0,36.3427,127.339806,12,세종특별시
2026-06-21T14:05:05+09:00,ALPACA,424324,54.0,36.342773,127.33894,12,세종특별시
2026-06-21T14:05:05+09:00,ALPACA,424404,40.0,36.34278,127.3389,12,세종특별시
2026-06-21T14:05:05+09:00,ALPACA,424432,73.0,36.342785,127.33886,12,세종특별시
2026-06-21T14:05:05+09:00,ALPACA,424501,76.0,36.342796,127.338936,12,세종특별시
2026-06-21T14:05:05+09:00,ALPACA,424402,87.0,36.3428,127.33888,12,세종특별시
2026-06-21T14:05:05+09:00,ALPACA,424486,79.0,36.342808,127.3389,12,세종특별시
2026-06-21T14:05:05+09:00,ALPACA,424358,78.0,36.34281,127.33892,12,세종특별시
2026-06-21T14:05:05+09:00,ALPACA,424568,51.0,36.34281,127.33892,12,세종특별시
2026-06-21T14:05:05+09:00,ALPACA,424165,52.0,36.34282,127.337494,12,세종특별시
2026-06-21T14:05:05+09:00,ALPACA,424367,78.0,36.34282,127.3389,12,세종특별시
2026-06-21T14:05:05+09:00,ALPACA,425094,50.0,36.34283,127.3441,12,세종특별시
2026-06-21T14:05:05+09:00,ALPACA,424517,65.0,36.342922,127.344,12,세종특별시
2026-06-21T14:05:05+09:00,ALPACA,424839,64.0,36.342976,127.33981,12,세종특별시
2026-06-21T14:05:05+09:00,ALPACA,425238,54.0,36.343094,127.3444,12,세종특별시
2026-06-21T14:05:05+09:00,ALPACA,424425,40.0,36.34312,127.33904,12,세종특별시
2026-06-21T14:05:05+09:00,ALPACA,424508,33.0,36.34314,127.33361,12,세종특별시
2026-06-21T14:05:05+09:00,ALPACA,424544,57.0,36.3432,127.339165,12,세종특별시
2026-06-21T14:05:05+09:00,ALPACA,425151,59.0,36.34334,127.34419,12,세종특별시
2026-06-21T14:05:05+09:00,ALPACA,425383,59.0,36.343346,127.34419,12,세종특별시
2026-06-21T14:05:05+09:00,ALPACA,425524,53.0,36.343357,127.34417,12,세종특별시
2026-06-21T14:05:05+09:00,ALPACA,424787,81.0,36.34337,127.34419,12,세종특별시
2026-06-21T14:05:05+09:00,ALPACA,425112,68.0,36.343372,127.34417,12,세종특별시
2026-06-21T14:05:05+09:00,ALPACA,424897,50.0,36.34348,127.33816,12,세종특별시
2026-06-21T14:05:05+09:00,ALPACA,424709,71.0,36.343708,127.34429,12,세종특별시
2026-06-21T14:05:05+09:00,ALPACA,425677,67.0,36.34379,127.382706,12,세종특별시
2026-06-21T14:05:05+09:00,ALPACA,424707,51.0,36.344,127.34178,12,세종특별시
2026-06-21T14:05:05+09:00,ALPACA,424506,55.0,36.34425,127.33572,12,세종특별시
2026-06-21T14:05:05+09:00,ALPACA,425695,55.0,36.34427,127.34741,12,세종특별시
2026-06-21T14:05:05+09:00,ALPACA,425000,48.0,36.344334,127.34692,12,세종특별시
2026-06-21T14:05:05+09:00,ALPACA,425197,43.0,36.34453,127.33241,12,세종특별시
2026-06-21T14:05:05+09:00,ALPACA,424124,75.0,36.344643,127.33933,12,세종특별시
2026-06-21T14:05:05+09:00,ALPACA,424372,38.0,36.34483,127.34741,12,세종특별시
2026-06-21T14:05:05+09:00,ALPACA,425142,31.0,36.34541,127.32393,12,세종특별시
2026-06-21T14:05:05+09:00,ALPACA,425355,63.0,36.345676,127.33903,12,세종특별시
2026-06-21T14:05:05+09:00,ALPACA,425002,37.0,36.345753,127.337074,12,세종특별시
2026-06-21T14:05:05+09:00,ALPACA,424664,96.0,36.346123,127.34138,12,세종특별시
2026-06-21T14:05:05+09:00,ALPACA,425699,69.0,36.346195,127.33606,12,세종특별시
2026-06-21T14:05:05+09:00,ALPACA,424704,61.0,36.3468,127.33569,12,세종특별시
2026-06-21T14:05:05+09:00,ALPACA,425458,33.0,36.346813,127.33569,12,세종특별시
2026-06-21T14:05:05+09:00,ALPACA,425152,58.0,36.34684,127.33569,12,세종특별시
2026-06-21T14:05:05+09:00,ALPACA,424383,30.0,36.346848,127.3357,12,세종특별시
2026-06-21T14:05:05+09:00,ALPACA,425270,78.0,36.34685,127.335724,12,세종특별시
2026-06-21T14:05:05+09:00,ALPACA,424449,34.0,36.346855,127.335686,12,세종특별시
2026-06-21T14:05:05+09:00,ALPACA,425397,42.0,36.34703,127.33079,12,세종특별시
2026-06-21T14:05:05+09:00,ALPACA,425375,52.0,36.34705,127.33089,12,세종특별시
2026-06-21T14:05:05+09:00,ALPACA,424863,56.0,36.34708,127.34418,12,세종특별시
2026-06-21T14:05:05+09:00,ALPACA,425321,46.0,36.34708,127.33897,12,세종특별시
2026-06-21T14:05:05+09:00,ALPACA,425034,48.0,36.347115,127.33427,12,세종특별시
2026-06-21T14:05:05+09:00,ALPACA,424769,55.0,36.34713,127.340744,12,세종특별시
2026-06-21T14:05:05+09:00,ALPACA,425537,49.0,36.347977,127.34169,12,세종특별시
2026-06-21T14:05:05+09:00,ALPACA,425376,68.0,36.348225,127.33536,12,세종특별시
2026-06-21T14:05:05+09:00,ALPACA,424617,55.0,36.348232,127.331154,12,세종특별시
2026-06-21T14:05:05+09:00,ALPACA,425320,31.0,36.348244,127.33526,12,세종특별시
2026-06-21T14:05:05+09:00,ALPACA,425036,42.0,36.348267,127.33569,12,세종특별시
2026-06-21T14:05:05+09:00,ALPACA,424357,82.0,36.348293,127.335205,12,세종특별시
2026-06-21T14:05:05+09:00,ALPACA,426463,37.0,36.348343,127.33219,12,세종특별시
2026-06-21T14:05:05+09:00,ALPACA,424939,47.0,36.348362,127.33257,12,세종특별시
2026-06-21T14:05:05+09:00,ALPACA,425095,42.0,36.348408,127.33114,12,세종특별시
2026-06-21T14:05:05+09:00,ALPACA,425683,67.0,36.348576,127.33992,12,세종특별시
2026-06-21T14:05:05+09:00,ALPACA,425509,66.0,36.34864,127.33996,12,세종특별시
2026-06-21T14:05:05+09:00,ALPACA,425546,67.0,36.348648,127.339935,12,세종특별시
2026-06-21T14:05:05+09:00,ALPACA,425285,59.0,36.34868,127.335335,12,세종특별시
2026-06-21T14:05:05+09:00,ALPACA,425746,34.0,36.34869,127.339935,12,세종특별시
2026-06-21T14:05:05+09:00,ALPACA,425343,34.0,36.348724,127.3327,12,세종특별시
2026-06-21T14:05:05+09:00,ALPACA,425754,43.0,36.348732,127.33499,12,세종특별시
2026-06-21T14:05:05+09:00,ALPACA,424829,53.0,36.34877,127.32756,12,세종특별시
2026-06-21T14:05:05+09:00,ALPACA,424999,38.0,36.34963,127.33635,12,세종특별시
2026-06-21T14:05:05+09:00,ALPACA,424989,54.0,36.349663,127.336586,12,세종특별시
2026-06-21T14:05:05+09:00,ALPACA,426276,41.0,36.349823,127.38254,12,세종특별시
2026-06-21T14:05:05+09:00,ALPACA,424446,79.0,36.349888,127.33428,12,세종특별시
2026-06-21T14:05:05+09:00,ALPACA,425274,45.0,36.350433,127.329445,12,세종특별시
2026-06-21T14:05:05+09:00,ALPACA,425205,68.0,36.35046,127.34865,12,세종특별시
2026-06-21T14:05:05+09:00,ALPACA,425681,73.0,36.35048,127.32943,12,세종특별시
2026-06-21T14:05:05+09:00,ALPACA,425370,51.0,36.35068,127.33554,12,세종특별시
2026-06-21T14:05:05+09:00,ALPACA,423582,53.0,36.350746,127.33879,12,세종특별시
2026-06-21T14:05:05+09:00,ALPACA,426375,99.0,36.35077,127.3544,12,세종특별시
2026-06-21T14:05:05+09:00,ALPACA,424890,89.0,36.35124,127.33933,12,세종특별시
2026-06-21T14:05:05+09:00,ALPACA,425398,53.0,36.35127,127.33036,12,세종특별시
2026-06-21T14:05:05+09:00,ALPACA,425250,81.0,36.351402,127.332756,12,세종특별시
2026-06-21T14:05:05+09:00,ALPACA,425178,54.0,36.351433,127.35114,12,세종특별시
2026-06-21T14:05:05+09:00,ALPACA,425037,78.0,36.351437,127.33275,12,세종특별시
2026-06-21T14:05:05+09:00,ALPACA,425272,46.0,36.351517,127.34447,12,세종특별시
2026-06-21T14:05:05+09:00,ALPACA,425279,44.0,36.35155,127.3445,12,세종특별시
2026-06-21T14:05:05+09:00,ALPACA,425166,53.0,36.35158,127.34449,12,세종특별시
2026-06-21T14:05:05+09:00,ALPACA,425431,48.0,36.351585,127.34447,12,세종특별시
2026-06-21T14:05:05+09:00,ALPACA,425463,46.0,36.351597,127.34452,12,세종특별시
2026-06-21T14:05:05+09:00,ALPACA,425338,45.0,36.351597,127.346924,12,세종특별시
2026-06-21T14:05:05+09:00,ALPACA,426232,97.0,36.35173,127.34654,12,세종특별시
2026-06-21T14:05:05+09:00,ALPACA,425181,50.0,36.351772,127.34651,12,세종특별시
2026-06-21T14:05:05+09:00,ALPACA,425634,96.0,36.351948,127.34456,12,세종특별시
2026-06-21T14:05:05+09:00,ALPACA,425405,79.0,36.351967,127.33053,12,세종특별시
2026-06-21T14:05:05+09:00,ALPACA,425428,53.0,36.351982,127.33056,12,세종특별시
2026-06-21T14:05:05+09:00,ALPACA,424679,55.0,36.351986,127.33054,12,세종특별시
2026-06-21T14:05:05+09:00,ALPACA,425392,79.0,36.35199,127.33057,12,세종특별시
2026-06-21T14:05:05+09:00,ALPACA,424875,78.0,36.352005,127.33059,12,세종특별시
2026-06-21T14:05:05+09:00,ALPACA,424848,58.0,36.352013,127.337074,12,세종특별시
2026-06-21T14:05:05+09:00,ALPACA,424531,43.0,36.352016,127.33705,12,세종특별시
2026-06-21T14:05:05+09:00,ALPACA,424790,83.0,36.35203,127.33708,12,세종특별시
2026-06-21T14:05:05+09:00,ALPACA,425330,54.0,36.352066,127.34851,12,세종특별시
2026-06-21T14:05:05+09:00,ALPACA,425532,42.0,36.35213,127.34611,12,세종특별시
2026-06-21T14:05:05+09:00,ALPACA,424667,57.0,36.352142,127.341324,12,세종특별시
2026-06-21T14:05:05+09:00,ALPACA,425724,32.0,36.352177,127.333824,12,세종특별시
2026-06-21T14:05:05+09:00,ALPACA,425337,83.0,36.352417,127.37541,12,세종특별시
2026-06-21T14:05:05+09:00,ALPACA,424435,58.0,36.352432,127.341324,12,세종특별시
2026-06-21T14:05:05+09:00,ALPACA,424205,49.0,36.352486,127.33277,12,세종특별시
2026-06-21T14:05:05+09:00,ALPACA,424972,37.0,36.35249,127.344025,12,세종특별시
2026-06-21T14:05:05+09:00,ALPACA,424420,83.0,36.35261,127.33354,12,세종특별시
2026-06-21T14:05:05+09:00,ALPACA,425504,75.0,36.352695,127.32905,12,세종특별시
2026-06-21T14:05:05+09:00,ALPACA,423869,60.0,36.352776,127.33581,12,세종특별시
2026-06-21T14:05:05+09:00,ALPACA,424379,100.0,36.352863,127.37431,12,세종특별시
2026-06-21T14:05:05+09:00,ALPACA,424955,98.0,36.352867,127.37439,12,세종특별시
2026-06-21T14:05:05+09:00,ALPACA,424978,83.0,36.352875,127.37447,12,세종특별시
2026-06-21T14:05:05+09:00,ALPACA,425535,98.0,36.35288,127.374374,12,세종특별시
2026-06-21T14:05:05+09:00,ALPACA,424490,100.0,36.352882,127.37442,12,세종특별시
2026-06-21T14:05:05+09:00,ALPACA,424575,100.0,36.352882,127.37443,12,세종특별시
2026-06-21T14:05:05+09:00,ALPACA,425234,100.0,36.352882,127.37444,12,세종특별시
2026-06-21T14:05:05+09:00,ALPACA,426307,87.0,36.352898,127.374405,12,세종특별시
2026-06-21T14:05:05+09:00,ALPACA,424249,100.0,36.3529,127.374405,12,세종특별시
2026-06-21T14:05:05+09:00,ALPACA,424967,100.0,36.352905,127.37436,12,세종특별시
2026-06-21T14:05:05+09:00,ALPACA,425254,100.0,36.352905,127.37443,12,세종특별시
2026-06-21T14:05:05+09:00,ALPACA,425700,85.0,36.352924,127.3744,12,세종특별시
2026-06-21T14:05:05+09:00,ALPACA,425308,95.0,36.352924,127.37443,12,세종특별시
2026-06-21T14:05:05+09:00,ALPACA,424352,100.0,36.35293,127.37446,12,세종특별시
2026-06-21T14:05:05+09:00,ALPACA,425689,51.0,36.353,127.347534,12,세종특별시
2026-06-21T14:05:05+09:00,ALPACA,425508,63.0,36.353073,127.34147,12,세종특별시
2026-06-21T14:05:05+09:00,ALPACA,424609,57.0,36.353096,127.33522,12,세종특별시
2026-06-21T14:05:05+09:00,ALPACA,424430,84.0,36.353127,127.34475,12,세종특별시
2026-06-21T14:05:05+09:00,ALPACA,425351,61.0,36.353138,127.3299,12,세종특별시
2026-06-21T14:05:05+09:00,ALPACA,425435,43.0,36.353153,127.329796,12,세종특별시
2026-06-21T14:05:05+09:00,ALPACA,424343,76.0,36.353153,127.3352,12,세종특별시
2026-06-21T14:05:05+09:00,ALPACA,424772,34.0,36.353165,127.32981,12,세종특별시
2026-06-21T14:05:05+09:00,ALPACA,424347,79.0,36.353172,127.34127,12,세종특별시
2026-06-21T14:05:05+09:00,ALPACA,424581,83.0,36.353172,127.33526,12,세종특별시
2026-06-21T14:05:05+09:00,ALPACA,424498,52.0,36.353188,127.33999,12,세종특별시
2026-06-21T14:05:05+09:00,ALPACA,424364,72.0,36.35328,127.34211,12,세종특별시
2026-06-21T14:05:05+09:00,ALPACA,425698,100.0,36.353283,127.34215,12,세종특별시
2026-06-21T14:05:05+09:00,ALPACA,424348,43.0,36.353287,127.34213,12,세종특별시
2026-06-21T14:05:05+09:00,ALPACA,424412,73.0,36.35329,127.34213,12,세종특별시
2026-06-21T14:05:05+09:00,ALPACA,425738,100.0,36.353306,127.34211,12,세종특별시
2026-06-21T14:05:05+09:00,ALPACA,424437,100.0,36.35331,127.34216,12,세종특별시
2026-06-21T14:05:05+09:00,ALPACA,425016,90.0,36.35331,127.342125,12,세종특별시
2026-06-21T14:05:05+09:00,ALPACA,425499,99.0,36.353313,127.3421,12,세종특별시
2026-06-21T14:05:05+09:00,ALPACA,424447,46.0,36.353333,127.34298,12,세종특별시
2026-06-21T14:05:05+09:00,ALPACA,424465,100.0,36.353336,127.34208,12,세종특별시
2026-06-21T14:05:05+09:00,ALPACA,425432,63.0,36.353344,127.34212,12,세종특별시
2026-06-21T14:05:05+09:00,ALPACA,425229,100.0,36.353344,127.34212,12,세종특별시
2026-06-21T14:05:05+09:00,ALPACA,424431,100.0,36.353386,127.34214,12,세종특별시
2026-06-21T14:05:05+09:00,ALPACA,424296,48.0,36.35341,127.342865,12,세종특별시
2026-06-21T14:05:05+09:00,ALPACA,425420,59.0,36.353436,127.3429,12,세종특별시
2026-06-21T14:05:05+09:00,ALPACA,425682,65.0,36.35344,127.34301,12,세종특별시
2026-06-21T14:05:05+09:00,ALPACA,425984,46.0,36.35345,127.40027,12,세종특별시
2026-06-21T14:05:05+09:00,ALPACA,424414,49.0,36.353455,127.342834,12,세종특별시
2026-06-21T14:05:05+09:00,ALPACA,425726,32.0,36.35346,127.342926,12,세종특별시
2026-06-21T14:05:05+09:00,ALPACA,424627,65.0,36.35346,127.34284,12,세종특별시
2026-06-21T14:05:05+09:00,ALPACA,425739,64.0,36.353477,127.342865,12,세종특별시
2026-06-21T14:05:05+09:00,ALPACA,424334,66.0,36.35349,127.34308,12,세종특별시
2026-06-21T14:05:05+09:00,ALPACA,424453,76.0,36.35353,127.342926,12,세종특별시
2026-06-21T14:05:05+09:00,ALPACA,425327,77.0,36.353535,127.3301,12,세종특별시
2026-06-21T14:05:05+09:00,ALPACA,425219,50.0,36.35354,127.34168,12,세종특별시
2026-06-21T14:05:05+09:00,ALPACA,424615,39.0,36.353783,127.33769,12,세종특별시
2026-06-21T14:05:05+09:00,ALPACA,424365,45.0,36.353848,127.33775,12,세종특별시
2026-06-21T14:05:05+09:00,ALPACA,424426,60.0,36.353985,127.32902,12,세종특별시
2026-06-21T14:05:05+09:00,ALPACA,425445,85.0,36.3541,127.37092,12,세종특별시
2026-06-21T14:05:05+09:00,ALPACA,424631,76.0,36.354164,127.3372,12,세종특별시
2026-06-21T14:05:05+09:00,ALPACA,425346,50.0,36.354313,127.34257,12,세종특별시
2026-06-21T14:05:05+09:00,ALPACA,424155,42.0,36.354412,127.34485,12,세종특별시
2026-06-21T14:05:05+09:00,ALPACA,425710,58.0,36.35442,127.34386,12,세종특별시
2026-06-21T14:05:05+09:00,ALPACA,426329,99.0,36.354454,127.35456,12,세종특별시
2026-06-21T14:05:05+09:00,ALPACA,426482,100.0,36.354465,127.35452,12,세종특별시
2026-06-21T14:05:05+09:00,ALPACA,426354,100.0,36.35447,127.35452,12,세종특별시
2026-06-21T14:05:05+09:00,ALPACA,425577,100.0,36.35448,127.354546,12,세종특별시
2026-06-21T14:05:05+09:00,ALPACA,425937,100.0,36.35448,127.35452,12,세종특별시
2026-06-21T14:05:05+09:00,ALPACA,424345,100.0,36.35448,127.35455,12,세종특별시
2026-06-21T14:05:05+09:00,ALPACA,426330,100.0,36.354485,127.35453,12,세종특별시
2026-06-21T14:05:05+09:00,ALPACA,424752,100.0,36.35449,127.354515,12,세종특별시
2026-06-21T14:05:05+09:00,ALPACA,426248,99.0,36.354492,127.35457,12,세종특별시
2026-06-21T14:05:05+09:00,ALPACA,426512,100.0,36.354496,127.35454,12,세종특별시
2026-06-21T14:05:05+09:00,ALPACA,424605,100.0,36.354496,127.35452,12,세종특별시
2026-06-21T14:05:05+09:00,ALPACA,426376,100.0,36.354504,127.35457,12,세종특별시
2026-06-21T14:05:05+09:00,ALPACA,425052,98.0,36.354507,127.35457,12,세종특별시
2026-06-21T14:05:05+09:00,ALPACA,424349,62.0,36.35456,127.343636,12,세종특별시
2026-06-21T14:05:05+09:00,ALPACA,424487,49.0,36.35457,127.34355,12,세종특별시
2026-06-21T14:05:05+09:00,ALPACA,425461,31.0,36.354595,127.33806,12,세종특별시
2026-06-21T14:05:05+09:00,ALPACA,424468,96.0,36.354626,127.34351,12,세종특별시
2026-06-21T14:05:05+09:00,ALPACA,424673,65.0,36.35463,127.331,12,세종특별시
2026-06-21T14:05:05+09:00,ALPACA,426253,91.0,36.354668,127.34213,12,세종특별시
2026-06-21T14:05:05+09:00,ALPACA,425391,79.0,36.354694,127.34072,12,세종특별시
2026-06-21T14:05:05+09:00,ALPACA,424589,42.0,36.35471,127.335434,12,세종특별시
2026-06-21T14:05:05+09:00,ALPACA,425312,64.0,36.35471,127.34337,12,세종특별시
2026-06-21T14:05:05+09:00,ALPACA,424645,39.0,36.35472,127.33947,12,세종특별시
2026-06-21T14:05:05+09:00,ALPACA,425259,63.0,36.354847,127.33122,12,세종특별시
2026-06-21T14:05:05+09:00,ALPACA,424650,87.0,36.35498,127.34769,12,세종특별시
2026-06-21T14:05:05+09:00,ALPACA,424639,46.0,36.35506,127.337006,12,세종특별시
2026-06-21T14:05:05+09:00,ALPACA,425025,67.0,36.35509,127.33698,12,세종특별시
2026-06-21T14:05:05+09:00,ALPACA,424433,39.0,36.35512,127.337006,12,세종특별시
2026-06-21T14:05:05+09:00,ALPACA,425545,44.0,36.355125,127.34306,12,세종특별시
2026-06-21T14:05:05+09:00,ALPACA,424838,49.0,36.355125,127.34424,12,세종특별시
2026-06-21T14:05:05+09:00,ALPACA,424574,85.0,36.35513,127.34304,12,세종특별시
2026-06-21T14:05:05+09:00,ALPACA,424603,46.0,36.35513,127.344246,12,세종특별시
2026-06-21T14:05:05+09:00,ALPACA,425419,61.0,36.35514,127.33696,12,세종특별시
2026-06-21T14:05:05+09:00,ALPACA,425688,91.0,36.35518,127.35096,12,세종특별시
2026-06-21T14:05:05+09:00,ALPACA,424356,67.0,36.355316,127.34521,12,세종특별시
2026-06-21T14:05:05+09:00,ALPACA,425339,39.0,36.355343,127.335724,12,세종특별시
2026-06-21T14:05:05+09:00,ALPACA,424315,63.0,36.355366,127.33185,12,세종특별시
2026-06-21T14:05:05+09:00,ALPACA,425676,47.0,36.35537,127.33531,12,세종특별시
2026-06-21T14:05:05+09:00,ALPACA,424608,96.0,36.355385,127.33186,12,세종특별시
2026-06-21T14:05:05+09:00,ALPACA,424554,50.0,36.35547,127.3438,12,세종특별시
2026-06-21T14:05:05+09:00,ALPACA,424965,70.0,36.35557,127.33481,12,세종특별시
2026-06-21T14:05:05+09:00,ALPACA,424853,37.0,36.355625,127.34307,12,세종특별시
2026-06-21T14:05:05+09:00,ALPACA,412506,82.0,36.35568,127.37574,12,세종특별시
2026-06-21T14:05:05+09:00,ALPACA,424862,44.0,36.355717,127.33943,12,세종특별시
2026-06-21T14:05:05+09:00,ALPACA,424451,49.0,36.355732,127.36027,12,세종특별시
2026-06-21T14:05:05+09:00,ALPACA,425486,60.0,36.35579,127.33127,12,세종특별시
2026-06-21T14:05:05+09:00,ALPACA,425269,35.0,36.355877,127.35214,12,세종특별시
2026-06-21T14:05:05+09:00,ALPACA,424289,40.0,36.355896,127.3441,12,세종특별시
2026-06-21T14:05:05+09:00,ALPACA,425430,51.0,36.355976,127.33678,12,세종특별시
2026-06-21T14:05:05+09:00,ALPACA,425678,82.0,36.355984,127.33124,12,세종특별시
2026-06-21T14:05:05+09:00,ALPACA,424884,79.0,36.35599,127.33125,12,세종특별시
2026-06-21T14:05:05+09:00,ALPACA,424264,57.0,36.356014,127.33124,12,세종특별시
2026-06-21T14:05:05+09:00,ALPACA,424613,62.0,36.356018,127.34417,12,세종특별시
2026-06-21T14:05:05+09:00,ALPACA,425470,60.0,36.356026,127.33964,12,세종특별시
2026-06-21T14:05:05+09:00,ALPACA,425045,56.0,36.3561,127.33079,12,세종특별시
2026-06-21T14:05:05+09:00,ALPACA,425547,87.0,36.356148,127.35081,12,세종특별시
2026-06-21T14:05:05+09:00,ALPACA,425007,74.0,36.356277,127.36386,12,세종특별시
2026-06-21T14:05:05+09:00,ALPACA,425407,92.0,36.35636,127.361046,12,세종특별시
2026-06-21T14:05:05+09:00,ALPACA,425047,75.0,36.35641,127.34814,12,세종특별시
2026-06-21T14:05:05+09:00,ALPACA,424818,77.0,36.35644,127.34812,12,세종특별시
2026-06-21T14:05:05+09:00,ALPACA,425282,76.0,36.356503,127.348045,12,세종특별시
2026-06-21T14:05:05+09:00,ALPACA,425233,54.0,36.356514,127.341774,12,세종특별시
2026-06-21T14:05:05+09:00,ALPACA,425265,78.0,36.35654,127.34811,12,세종특별시
2026-06-21T14:05:05+09:00,ALPACA,425402,77.0,36.356552,127.348076,12,세종특별시
2026-06-21T14:05:05+09:00,ALPACA,424713,66.0,36.35656,127.34803,12,세종특별시
2026-06-21T14:05:05+09:00,ALPACA,425008,67.0,36.35658,127.331184,12,세종특별시
2026-06-21T14:05:05+09:00,ALPACA,424595,64.0,36.356632,127.33812,12,세종특별시
2026-06-21T14:05:05+09:00,ALPACA,424183,49.0,36.35665,127.33153,12,세종특별시
2026-06-21T14:05:05+09:00,ALPACA,426460,70.0,36.356766,127.33561,12,세종특별시
2026-06-21T14:05:05+09:00,ALPACA,424502,44.0,36.35679,127.33562,12,세종특별시
2026-06-21T14:05:05+09:00,ALPACA,425411,90.0,36.35689,127.33546,12,세종특별시
2026-06-21T14:05:05+09:00,ALPACA,414766,87.0,36.3569,127.335464,12,세종특별시
2026-06-21T14:05:05+09:00,ALPACA,424909,40.0,36.35701,127.34502,12,세종특별시
2026-06-21T14:05:05+09:00,ALPACA,424821,49.0,36.357014,127.35436,12,세종특별시
2026-06-21T14:05:05+09:00,ALPACA,424828,51.0,36.357162,127.35101,12,세종특별시
2026-06-21T14:05:05+09:00,ALPACA,424966,65.0,36.357216,127.358055,12,세종특별시
2026-06-21T14:05:05+09:00,ALPACA,426311,43.0,36.35722,127.340034,12,세종특별시
2026-06-21T14:05:05+09:00,ALPACA,426301,87.0,36.35723,127.34008,12,세종특별시
2026-06-21T14:05:05+09:00,ALPACA,425222,41.0,36.35726,127.35034,12,세종특별시
2026-06-21T14:05:05+09:00,ALPACA,424693,44.0,36.357384,127.34778,12,세종특별시
2026-06-21T14:05:05+09:00,ALPACA,425475,91.0,36.357407,127.37182,12,세종특별시
2026-06-21T14:05:05+09:00,ALPACA,425056,94.0,36.357414,127.37181,12,세종특별시
2026-06-21T14:05:05+09:00,ALPACA,424371,90.0,36.357418,127.371826,12,세종특별시
2026-06-21T14:05:05+09:00,ALPACA,425539,100.0,36.35742,127.37179,12,세종특별시
2026-06-21T14:05:05+09:00,ALPACA,425536,98.0,36.35743,127.37181,12,세종특별시
2026-06-21T14:05:05+09:00,ALPACA,425194,69.0,36.35743,127.34778,12,세종특별시
2026-06-21T14:05:05+09:00,ALPACA,424375,90.0,36.357433,127.371826,12,세종특별시
2026-06-21T14:05:05+09:00,ALPACA,424986,66.0,36.357433,127.34782,12,세종특별시
2026-06-21T14:05:05+09:00,ALPACA,424716,93.0,36.357437,127.371826,12,세종특별시
2026-06-21T14:05:05+09:00,ALPACA,424836,95.0,36.357437,127.37183,12,세종특별시
2026-06-21T14:05:05+09:00,ALPACA,424992,93.0,36.357437,127.37179,12,세종특별시
2026-06-21T14:05:05+09:00,ALPACA,425304,83.0,36.35744,127.37408,12,세종특별시
2026-06-21T14:05:05+09:00,ALPACA,412524,84.0,36.35745,127.37182,12,세종특별시
2026-06-21T14:05:05+09:00,ALPACA,424366,100.0,36.35745,127.37182,12,세종특별시
2026-06-21T14:05:05+09:00,ALPACA,424519,100.0,36.35745,127.37177,12,세종특별시
2026-06-21T14:05:05+09:00,ALPACA,424881,94.0,36.35745,127.37179,12,세종특별시
2026-06-21T14:05:05+09:00,ALPACA,424931,90.0,36.35745,127.37182,12,세종특별시
2026-06-21T14:05:05+09:00,ALPACA,425284,100.0,36.35745,127.37181,12,세종특별시
2026-06-21T14:05:05+09:00,ALPACA,424573,100.0,36.357452,127.37184,12,세종특별시
2026-06-21T14:05:05+09:00,ALPACA,424398,100.0,36.357464,127.37182,12,세종특별시
2026-06-21T14:05:05+09:00,ALPACA,414820,42.0,36.357468,127.37182,12,세종특별시
2026-06-21T14:05:05+09:00,ALPACA,425772,100.0,36.357468,127.3718,12,세종특별시
2026-06-21T14:05:05+09:00,ALPACA,425382,100.0,36.357468,127.37181,12,세종특별시
2026-06-21T14:05:05+09:00,ALPACA,425714,100.0,36.35747,127.37181,12,세종특별시
2026-06-21T14:05:05+09:00,ALPACA,426451,71.0,36.357475,127.37181,12,세종특별시
2026-06-21T14:05:05+09:00,ALPACA,414275,82.0,36.357483,127.37183,12,세종특별시
2026-06-21T14:05:05+09:00,ALPACA,414686,88.0,36.357487,127.37181,12,세종특별시
2026-06-21T14:05:05+09:00,ALPACA,415028,51.0,36.357487,127.37182,12,세종특별시
2026-06-21T14:05:05+09:00,ALPACA,424445,100.0,36.357487,127.371826,12,세종특별시
2026-06-21T14:05:05+09:00,ALPACA,424845,100.0,36.35749,127.371796,12,세종특별시
2026-06-21T14:05:05+09:00,ALPACA,425701,40.0,36.357494,127.371826,12,세종특별시
2026-06-21T14:05:05+09:00,ALPACA,414769,51.0,36.35751,127.37182,12,세종특별시
2026-06-21T14:05:05+09:00,ALPACA,425583,71.0,36.357517,127.37181,12,세종특별시
2026-06-21T14:05:05+09:00,ALPACA,425200,82.0,36.357517,127.371796,12,세종특별시
2026-06-21T14:05:05+09:00,ALPACA,425015,62.0,36.357536,127.37182,12,세종특별시
2026-06-21T14:05:05+09:00,ALPACA,425755,52.0,36.35756,127.3515,12,세종특별시
2026-06-21T14:05:05+09:00,ALPACA,425674,44.0,36.35757,127.35059,12,세종특별시
2026-06-21T14:05:05+09:00,ALPACA,426441,89.0,36.357574,127.34979,12,세종특별시
2026-06-21T14:05:05+09:00,ALPACA,425357,55.0,36.357647,127.33109,12,세종특별시
2026-06-21T14:05:05+09:00,ALPACA,424906,41.0,36.35765,127.35195,12,세종특별시
2026-06-21T14:05:05+09:00,ALPACA,425485,53.0,36.357685,127.34431,12,세종특별시
2026-06-21T14:05:05+09:00,ALPACA,424916,65.0,36.357822,127.35125,12,세종특별시
2026-06-21T14:05:05+09:00,ALPACA,425491,42.0,36.357883,127.34583,12,세종특별시
2026-06-21T14:05:05+09:00,ALPACA,425332,45.0,36.3579,127.35129,12,세종특별시
2026-06-21T14:05:05+09:00,ALPACA,425422,100.0,36.35791,127.36395,12,세종특별시
2026-06-21T14:05:05+09:00,ALPACA,425460,100.0,36.35793,127.36385,12,세종특별시
2026-06-21T14:05:05+09:00,ALPACA,425753,73.0,36.35793,127.36391,12,세종특별시
2026-06-21T14:05:05+09:00,ALPACA,426268,100.0,36.357937,127.36383,12,세종특별시
2026-06-21T14:05:05+09:00,ALPACA,425765,88.0,36.357944,127.36386,12,세종특별시
2026-06-21T14:05:05+09:00,ALPACA,423880,99.0,36.357956,127.363785,12,세종특별시
2026-06-21T14:05:05+09:00,ALPACA,424185,100.0,36.35796,127.36382,12,세종특별시
2026-06-21T14:05:05+09:00,ALPACA,425209,85.0,36.35796,127.37969,12,세종특별시
2026-06-21T14:05:05+09:00,ALPACA,424400,100.0,36.357964,127.363815,12,세종특별시
2026-06-21T14:05:05+09:00,ALPACA,425543,78.0,36.357975,127.36382,12,세종특별시
2026-06-21T14:05:05+09:00,ALPACA,424326,100.0,36.357983,127.364,12,세종특별시
2026-06-21T14:05:05+09:00,ALPACA,425992,100.0,36.357986,127.363785,12,세종특별시
2026-06-21T14:05:05+09:00,ALPACA,424388,69.0,36.357994,127.36381,12,세종특별시
2026-06-21T14:05:05+09:00,ALPACA,424569,76.0,36.358,127.36382,12,세종특별시
2026-06-21T14:05:05+09:00,ALPACA,424403,76.0,36.358006,127.36379,12,세종특별시
2026-06-21T14:05:05+09:00,ALPACA,424572,86.0,36.358013,127.363914,12,세종특별시
2026-06-21T14:05:05+09:00,ALPACA,425223,49.0,36.35813,127.35243,12,세종특별시
2026-06-21T14:05:05+09:00,ALPACA,424560,38.0,36.358322,127.35582,12,세종특별시
2026-06-21T14:05:05+09:00,ALPACA,425127,51.0,36.358402,127.32857,12,세종특별시
2026-06-21T14:05:05+09:00,ALPACA,424479,62.0,36.358505,127.34494,12,세종특별시
2026-06-21T14:05:05+09:00,ALPACA,424808,47.0,36.358772,127.35916,12,세종특별시
2026-06-21T14:05:05+09:00,ALPACA,424789,58.0,36.35878,127.359116,12,세종특별시
2026-06-21T14:05:05+09:00,ALPACA,424817,76.0,36.358967,127.33226,12,세종특별시
2026-06-21T14:05:05+09:00,ALPACA,424979,68.0,36.35902,127.33379,12,세종특별시
2026-06-21T14:05:05+09:00,ALPACA,424943,64.0,36.359043,127.33376,12,세종특별시
2026-06-21T14:05:05+09:00,ALPACA,425161,70.0,36.359043,127.35218,12,세종특별시
2026-06-21T14:05:05+09:00,ALPACA,424970,45.0,36.35905,127.333725,12,세종특별시
2026-06-21T14:05:05+09:00,ALPACA,425440,66.0,36.359055,127.33343,12,세종특별시
2026-06-21T14:05:05+09:00,ALPACA,425210,46.0,36.35906,127.33347,12,세종특별시
2026-06-21T14:05:05+09:00,ALPACA,425421,62.0,36.359062,127.33345,12,세종특별시
2026-06-21T14:05:05+09:00,ALPACA,425393,56.0,36.359062,127.35218,12,세종특별시
2026-06-21T14:05:05+09:00,ALPACA,425396,71.0,36.359062,127.33344,12,세종특별시
2026-06-21T14:05:05+09:00,ALPACA,425410,63.0,36.35907,127.33347,12,세종특별시
2026-06-21T14:05:05+09:00,ALPACA,425325,56.0,36.35909,127.33349,12,세종특별시
2026-06-21T14:05:05+09:00,ALPACA,424859,62.0,36.359093,127.333466,12,세종특별시
2026-06-21T14:05:05+09:00,ALPACA,425201,65.0,36.359097,127.34553,12,세종특별시
2026-06-21T14:05:05+09:00,ALPACA,424630,81.0,36.359272,127.3417,12,세종특별시
2026-06-21T14:05:05+09:00,ALPACA,424558,84.0,36.359306,127.35442,12,세종특별시
2026-06-21T14:05:05+09:00,ALPACA,424684,51.0,36.359425,127.333916,12,세종특별시
2026-06-21T14:05:05+09:00,ALPACA,424448,89.0,36.35951,127.33482,12,세종특별시
2026-06-21T14:05:05+09:00,ALPACA,425358,98.0,36.359547,127.343346,12,세종특별시
2026-06-21T14:05:05+09:00,ALPACA,425564,87.0,36.359573,127.34343,12,세종특별시
2026-06-21T14:05:05+09:00,ALPACA,424610,46.0,36.359737,127.33646,12,세종특별시
2026-06-21T14:05:05+09:00,ALPACA,424638,40.0,36.359737,127.33638,12,세종특별시
2026-06-21T14:05:05+09:00,ALPACA,414824,48.0,36.35978,127.374146,12,세종특별시
2026-06-21T14:05:05+09:00,ALPACA,425077,99.0,36.359863,127.371994,12,세종특별시
2026-06-21T14:05:05+09:00,ALPACA,424998,54.0,36.360413,127.33222,12,세종특별시
2026-06-21T14:05:05+09:00,ALPACA,424985,41.0,36.360596,127.33354,12,세종특별시
2026-06-21T14:05:05+09:00,ALPACA,425626,32.0,36.360767,127.333916,12,세종특별시
2026-06-21T14:05:05+09:00,ALPACA,424598,65.0,36.360916,127.350266,12,세종특별시
2026-06-21T14:05:05+09:00,ALPACA,424894,58.0,36.361115,127.33635,12,세종특별시
2026-06-21T14:05:05+09:00,ALPACA,425326,71.0,36.361115,127.3372,12,세종특별시
2026-06-21T14:05:05+09:00,ALPACA,425353,44.0,36.361145,127.338425,12,세종특별시
2026-06-21T14:05:05+09:00,ALPACA,424556,100.0,36.36118,127.356,12,세종특별시
2026-06-21T14:05:05+09:00,ALPACA,425046,85.0,36.361324,127.33851,12,세종특별시
2026-06-21T14:05:05+09:00,ALPACA,425246,44.0,36.36135,127.33777,12,세종특별시
2026-06-21T14:05:05+09:00,ALPACA,424374,97.0,36.36141,127.33746,12,세종특별시
2026-06-21T14:05:05+09:00,ALPACA,424976,100.0,36.36153,127.35697,12,세종특별시
2026-06-21T14:05:05+09:00,ALPACA,426378,100.0,36.36154,127.35697,12,세종특별시
2026-06-21T14:05:05+09:00,ALPACA,424441,86.0,36.361656,127.33664,12,세종특별시
2026-06-21T14:05:05+09:00,ALPACA,414826,32.0,36.36168,127.353264,12,세종특별시
2026-06-21T14:05:05+09:00,ALPACA,425693,95.0,36.36177,127.344894,12,세종특별시
2026-06-21T14:05:05+09:00,ALPACA,425454,59.0,36.36179,127.33026,12,세종특별시
2026-06-21T14:05:05+09:00,ALPACA,424634,58.0,36.361794,127.35746,12,세종특별시
2026-06-21T14:05:05+09:00,ALPACA,424369,90.0,36.36182,127.357475,12,세종특별시
2026-06-21T14:05:05+09:00,ALPACA,424885,97.0,36.36183,127.357574,12,세종특별시
2026-06-21T14:05:05+09:00,ALPACA,426262,100.0,36.36184,127.3576,12,세종특별시
2026-06-21T14:05:05+09:00,ALPACA,424405,100.0,36.36185,127.35762,12,세종특별시
2026-06-21T14:05:05+09:00,ALPACA,424889,100.0,36.36185,127.357574,12,세종특별시
2026-06-21T14:05:05+09:00,ALPACA,424415,34.0,36.361877,127.34437,12,세종특별시
2026-06-21T14:05:05+09:00,ALPACA,424786,50.0,36.361923,127.35732,12,세종특별시
2026-06-21T14:05:05+09:00,ALPACA,424958,74.0,36.361958,127.35738,12,세종특별시
2026-06-21T14:05:05+09:00,ALPACA,425371,74.0,36.361965,127.357376,12,세종특별시
2026-06-21T14:05:05+09:00,ALPACA,424922,46.0,36.36197,127.35737,12,세종특별시
2026-06-21T14:05:05+09:00,ALPACA,425368,75.0,36.36197,127.35735,12,세종특별시
2026-06-21T14:05:05+09:00,ALPACA,424584,67.0,36.36198,127.35785,12,세종특별시
2026-06-21T14:05:05+09:00,ALPACA,425527,76.0,36.36202,127.35738,12,세종특별시
2026-06-21T14:05:05+09:00,ALPACA,425114,44.0,36.36203,127.36115,12,세종특별시
2026-06-21T14:05:05+09:00,ALPACA,424399,82.0,36.362183,127.37412,12,세종특별시
2026-06-21T14:05:05+09:00,ALPACA,424778,95.0,36.36247,127.34416,12,세종특별시
2026-06-21T14:05:05+09:00,ALPACA,425184,100.0,36.362507,127.35731,12,세종특별시
2026-06-21T14:05:05+09:00,ALPACA,424578,94.0,36.36252,127.33519,12,세종특별시
2026-06-21T14:05:05+09:00,ALPACA,425389,55.0,36.36252,127.357346,12,세종특별시
2026-06-21T14:05:05+09:00,ALPACA,424941,100.0,36.362583,127.3447,12,세종특별시
2026-06-21T14:05:05+09:00,ALPACA,425118,95.0,36.362583,127.34451,12,세종특별시
2026-06-21T14:05:05+09:00,ALPACA,424957,97.0,36.362587,127.3446,12,세종특별시
2026-06-21T14:05:05+09:00,ALPACA,424592,76.0,36.362595,127.34471,12,세종특별시
2026-06-21T14:05:05+09:00,ALPACA,425434,100.0,36.3626,127.34471,12,세종특별시
2026-06-21T14:05:05+09:00,ALPACA,424332,100.0,36.362602,127.34473,12,세종특별시
2026-06-21T14:05:05+09:00,ALPACA,424585,100.0,36.362602,127.3447,12,세종특별시
2026-06-21T14:05:05+09:00,ALPACA,425588,100.0,36.362606,127.34472,12,세종특별시
2026-06-21T14:05:05+09:00,ALPACA,425703,68.0,36.36261,127.344505,12,세종특별시
2026-06-21T14:05:05+09:00,ALPACA,425224,98.0,36.362614,127.344475,12,세종특별시
2026-06-21T14:05:05+09:00,ALPACA,424429,99.0,36.36262,127.34457,12,세종특별시
2026-06-21T14:05:05+09:00,ALPACA,424919,100.0,36.36262,127.34452,12,세종특별시
2026-06-21T14:05:05+09:00,ALPACA,425345,100.0,36.36262,127.344734,12,세종특별시
2026-06-21T14:05:05+09:00,ALPACA,425400,62.0,36.362625,127.34453,12,세종특별시
2026-06-21T14:05:05+09:00,ALPACA,425377,100.0,36.36263,127.34456,12,세종특별시
2026-06-21T14:05:05+09:00,ALPACA,425549,94.0,36.362633,127.34458,12,세종특별시
2026-06-21T14:05:05+09:00,ALPACA,424937,100.0,36.36264,127.34456,12,세종특별시
2026-06-21T14:05:05+09:00,ALPACA,425314,95.0,36.36265,127.34456,12,세종특별시
2026-06-21T14:05:05+09:00,ALPACA,425955,100.0,36.36266,127.344696,12,세종특별시
2026-06-21T14:05:05+09:00,ALPACA,424727,92.0,36.362663,127.34357,12,세종특별시
2026-06-21T14:05:05+09:00,ALPACA,424767,79.0,36.36267,127.343605,12,세종특별시
2026-06-21T14:05:05+09:00,ALPACA,425005,75.0,36.36267,127.34359,12,세종특별시
2026-06-21T14:05:05+09:00,ALPACA,426413,32.0,36.36271,127.34346,12,세종특별시
2026-06-21T14:05:05+09:00,ALPACA,424493,76.0,36.362835,127.35148,12,세종특별시
2026-06-21T14:05:05+09:00,ALPACA,424758,53.0,36.362843,127.356865,12,세종특별시
2026-06-21T14:05:05+09:00,ALPACA,425129,100.0,36.36287,127.35676,12,세종특별시
2026-06-21T14:05:05+09:00,ALPACA,425630,84.0,36.363148,127.34218,12,세종특별시
2026-06-21T14:05:05+09:00,ALPACA,424342,73.0,36.363224,127.334885,12,세종특별시
2026-06-21T14:05:05+09:00,ALPACA,425472,35.0,36.363243,127.34195,12,세종특별시
2026-06-21T14:05:05+09:00,ALPACA,424485,51.0,36.363274,127.33416,12,세종특별시
2026-06-21T14:05:05+09:00,ALPACA,425336,100.0,36.36348,127.35655,12,세종특별시
2026-06-21T14:05:05+09:00,ALPACA,424804,95.0,36.363518,127.356926,12,세종특별시
2026-06-21T14:05:05+09:00,ALPACA,425623,91.0,36.36368,127.3582,12,세종특별시
2026-06-21T14:05:05+09:00,ALPACA,425437,54.0,36.3637,127.358185,12,세종특별시
2026-06-21T14:05:05+09:00,ALPACA,425459,50.0,36.36404,127.35904,12,세종특별시
2026-06-21T14:05:05+09:00,ALPACA,425356,43.0,36.364616,127.34049,12,세종특별시
2026-06-21T14:05:05+09:00,ALPACA,425323,41.0,36.36463,127.34037,12,세종특별시
2026-06-21T14:05:05+09:00,ALPACA,424557,92.0,36.36471,127.34718,12,세종특별시
2026-06-21T14:05:05+09:00,ALPACA,425687,100.0,36.364986,127.347565,12,세종특별시
2026-06-21T14:05:05+09:00,ALPACA,425237,70.0,36.364998,127.34737,12,세종특별시
2026-06-21T14:05:05+09:00,ALPACA,424728,98.0,36.365192,127.34632,12,세종특별시
2026-06-21T14:05:05+09:00,ALPACA,424962,100.0,36.36541,127.36342,12,세종특별시
2026-06-21T14:05:05+09:00,ALPACA,423883,66.0,36.365643,127.346085,12,세종특별시
2026-06-21T14:05:05+09:00,ALPACA,425031,47.0,36.365723,127.33681,12,세종특별시
2026-06-21T14:05:05+09:00,ALPACA,424308,76.0,36.36589,127.36466,12,세종특별시
2026-06-21T14:05:05+09:00,ALPACA,425748,68.0,36.3659,127.36465,12,세종특별시
2026-06-21T14:05:05+09:00,ALPACA,424567,76.0,36.365902,127.364655,12,세종특별시
2026-06-21T14:05:05+09:00,ALPACA,424566,75.0,36.365906,127.364655,12,세종특별시
2026-06-21T14:05:05+09:00,ALPACA,425744,66.0,36.365913,127.36465,12,세종특별시
2026-06-21T14:05:05+09:00,ALPACA,424207,67.0,36.365913,127.364655,12,세종특별시
2026-06-21T14:05:05+09:00,ALPACA,424413,75.0,36.365917,127.36466,12,세종특별시
2026-06-21T14:05:05+09:00,ALPACA,426462,76.0,36.36644,127.31598,12,세종특별시
2026-06-21T14:05:05+09:00,ALPACA,424805,99.0,36.366493,127.3428,12,세종특별시
2026-06-21T14:05:05+09:00,ALPACA,426436,95.0,36.366497,127.34273,12,세종특별시
2026-06-21T14:05:05+09:00,ALPACA,424344,96.0,36.3665,127.3428,12,세종특별시
2026-06-21T14:05:05+09:00,ALPACA,424823,56.0,36.3665,127.342834,12,세종특별시
2026-06-21T14:05:05+09:00,ALPACA,425014,92.0,36.3665,127.34282,12,세종특별시
2026-06-21T14:05:05+09:00,ALPACA,425137,63.0,36.3665,127.34271,12,세종특별시
2026-06-21T14:05:05+09:00,ALPACA,424528,33.0,36.36651,127.3425,12,세종특별시
2026-06-21T14:05:05+09:00,ALPACA,425313,34.0,36.366512,127.34256,12,세종특별시
2026-06-21T14:05:05+09:00,ALPACA,424833,88.0,36.366516,127.342804,12,세종특별시
2026-06-21T14:05:05+09:00,ALPACA,425514,81.0,36.366528,127.342636,12,세종특별시
2026-06-21T14:05:05+09:00,ALPACA,425466,96.0,36.36654,127.3428,12,세종특별시
2026-06-21T14:05:05+09:00,ALPACA,425416,62.0,36.366554,127.34257,12,세종특별시
2026-06-21T14:05:05+09:00,ALPACA,425340,91.0,36.366554,127.34517,12,세종특별시
2026-06-21T14:05:05+09:00,ALPACA,425974,96.0,36.366566,127.342476,12,세종특별시
2026-06-21T14:05:05+09:00,ALPACA,425559,72.0,36.366577,127.34559,12,세종특별시
2026-06-21T14:05:05+09:00,ALPACA,424964,100.0,36.366577,127.36243,12,세종특별시
2026-06-21T14:05:05+09:00,ALPACA,424553,37.0,36.366688,127.3446,12,세종특별시
2026-06-21T14:05:05+09:00,ALPACA,424338,38.0,36.36674,127.34466,12,세종특별시
2026-06-21T14:05:05+09:00,ALPACA,425716,90.0,36.366745,127.34466,12,세종특별시
2026-06-21T14:05:05+09:00,ALPACA,425168,44.0,36.366848,127.3447,12,세종특별시
2026-06-21T14:05:05+09:00,ALPACA,425493,56.0,36.366856,127.34641,12,세종특별시
2026-06-21T14:05:05+09:00,ALPACA,424571,98.0,36.366863,127.34466,12,세종특별시
2026-06-21T14:05:05+09:00,ALPACA,425208,77.0,36.36688,127.344734,12,세종특별시
2026-06-21T14:05:05+09:00,ALPACA,425048,97.0,36.36689,127.34468,12,세종특별시
2026-06-21T14:05:05+09:00,ALPACA,425251,97.0,36.366936,127.34473,12,세종특별시
2026-06-21T14:05:05+09:00,ALPACA,424337,97.0,36.367,127.340836,12,세종특별시
2026-06-21T14:05:05+09:00,ALPACA,425598,78.0,36.36701,127.34084,12,세종특별시
2026-06-21T14:05:05+09:00,ALPACA,425009,88.0,36.367023,127.340866,12,세종특별시
2026-06-21T14:05:05+09:00,ALPACA,425756,98.0,36.367115,127.345894,12,세종특별시
2026-06-21T14:05:05+09:00,ALPACA,425060,74.0,36.367153,127.36254,12,세종특별시
2026-06-21T14:05:05+09:00,ALPACA,424496,100.0,36.36717,127.36254,12,세종특별시
2026-06-21T14:05:05+09:00,ALPACA,424802,61.0,36.367344,127.35677,12,세종특별시
2026-06-21T14:05:05+09:00,ALPACA,424454,76.0,36.36738,127.34067,12,세종특별시
2026-06-21T14:05:05+09:00,ALPACA,424968,91.0,36.36739,127.34069,12,세종특별시
2026-06-21T14:05:05+09:00,ALPACA,425018,43.0,36.367558,127.36122,12,세종특별시
2026-06-21T14:05:05+09:00,ALPACA,424751,68.0,36.367603,127.34084,12,세종특별시
2026-06-21T14:05:05+09:00,ALPACA,425106,95.0,36.367783,127.3656,12,세종특별시
2026-06-21T14:05:05+09:00,ALPACA,424987,100.0,36.367794,127.3421,12,세종특별시
2026-06-21T14:05:05+09:00,ALPACA,424742,71.0,36.367817,127.34209,12,세종특별시
2026-06-21T14:05:05+09:00,ALPACA,425125,65.0,36.367817,127.34215,12,세종특별시
2026-06-21T14:05:05+09:00,ALPACA,425441,100.0,36.367825,127.365616,12,세종특별시
2026-06-21T14:05:05+09:00,ALPACA,425684,80.0,36.36783,127.36563,12,세종특별시
2026-06-21T14:05:05+09:00,ALPACA,425119,62.0,36.36783,127.34214,12,세종특별시
2026-06-21T14:05:05+09:00,ALPACA,425691,83.0,36.367836,127.34036,12,세종특별시
2026-06-21T14:05:05+09:00,ALPACA,424551,34.0,36.367836,127.34211,12,세종특별시
2026-06-21T14:05:05+09:00,ALPACA,424391,85.0,36.36784,127.34212,12,세종특별시
2026-06-21T14:05:05+09:00,ALPACA,425483,77.0,36.367844,127.34205,12,세종특별시
2026-06-21T14:05:05+09:00,ALPACA,425620,68.0,36.367847,127.34213,12,세종특별시
2026-06-21T14:05:05+09:00,ALPACA,425468,100.0,36.367855,127.36566,12,세종특별시
2026-06-21T14:05:05+09:00,ALPACA,424361,96.0,36.367867,127.342064,12,세종특별시
2026-06-21T14:05:05+09:00,ALPACA,424773,90.0,36.36788,127.34211,12,세종특별시
2026-06-21T14:05:05+09:00,ALPACA,425185,93.0,36.36789,127.34206,12,세종특별시
2026-06-21T14:05:05+09:00,ALPACA,425426,81.0,36.36792,127.34157,12,세종특별시
2026-06-21T14:05:05+09:00,ALPACA,425480,84.0,36.368137,127.34601,12,세종특별시
2026-06-21T14:05:05+09:00,ALPACA,425777,64.0,36.368137,127.34604,12,세종특별시
2026-06-21T14:05:05+09:00,ALPACA,424851,52.0,36.368145,127.34598,12,세종특별시
2026-06-21T14:05:05+09:00,ALPACA,423922,33.0,36.368153,127.34598,12,세종특별시
2026-06-21T14:05:05+09:00,ALPACA,414685,71.0,36.368164,127.34597,12,세종특별시
2026-06-21T14:05:05+09:00,ALPACA,425624,100.0,36.368176,127.34594,12,세종특별시
2026-06-21T14:05:05+09:00,ALPACA,425729,87.0,36.36821,127.34595,12,세종특별시
2026-06-21T14:05:05+09:00,ALPACA,425478,83.0,36.368275,127.34259,12,세종특별시
2026-06-21T14:05:05+09:00,ALPACA,425481,90.0,36.368275,127.34272,12,세종특별시
2026-06-21T14:05:05+09:00,ALPACA,425139,81.0,36.368282,127.34259,12,세종특별시
2026-06-21T14:05:05+09:00,ALPACA,425331,58.0,36.368282,127.34254,12,세종특별시
2026-06-21T14:05:05+09:00,ALPACA,425003,75.0,36.368313,127.34261,12,세종특별시
2026-06-21T14:05:05+09:00,ALPACA,424524,75.0,36.36832,127.342575,12,세종특별시
2026-06-21T14:05:05+09:00,ALPACA,425617,39.0,36.368324,127.34259,12,세종특별시
2026-06-21T14:05:05+09:00,ALPACA,425621,53.0,36.36834,127.34257,12,세종특별시
2026-06-21T14:05:05+09:00,ALPACA,425063,97.0,36.368347,127.34267,12,세종특별시
2026-06-21T14:05:05+09:00,ALPACA,424858,100.0,36.36853,127.36599,12,세종특별시
2026-06-21T14:05:05+09:00,ALPACA,424409,48.0,36.36859,127.34063,12,세종특별시
2026-06-21T14:05:05+09:00,ALPACA,424428,33.0,36.36863,127.343735,12,세종특별시
2026-06-21T14:05:05+09:00,ALPACA,425423,83.0,36.36864,127.34067,12,세종특별시
2026-06-21T14:05:05+09:00,ALPACA,425088,31.0,36.36864,127.34377,12,세종특별시
2026-06-21T14:05:05+09:00,ALPACA,411802,73.0,36.368645,127.34372,12,세종특별시
2026-06-21T14:05:05+09:00,ALPACA,424123,55.0,36.368645,127.34071,12,세종특별시
2026-06-21T14:05:05+09:00,ALPACA,425315,96.0,36.36865,127.34379,12,세종특별시
2026-06-21T14:05:05+09:00,ALPACA,424907,92.0,36.368652,127.340645,12,세종특별시
2026-06-21T14:05:05+09:00,ALPACA,424683,71.0,36.368683,127.34074,12,세종특별시
2026-06-21T14:05:05+09:00,ALPACA,424824,45.0,36.368683,127.338264,12,세종특별시
2026-06-21T14:05:05+09:00,ALPACA,424423,100.0,36.368687,127.34073,12,세종특별시
2026-06-21T14:05:05+09:00,ALPACA,424632,60.0,36.368687,127.34072,12,세종특별시
2026-06-21T14:05:05+09:00,ALPACA,425548,97.0,36.36869,127.34071,12,세종특별시
2026-06-21T14:05:05+09:00,ALPACA,424945,69.0,36.36869,127.34189,12,세종특별시
2026-06-21T14:05:05+09:00,ALPACA,425158,80.0,36.368702,127.34065,12,세종특별시
2026-06-21T14:05:05+09:00,ALPACA,424354,32.0,36.368706,127.340706,12,세종특별시
2026-06-21T14:05:05+09:00,ALPACA,424362,45.0,36.368706,127.34187,12,세종특별시
2026-06-21T14:05:05+09:00,ALPACA,424530,100.0,36.368706,127.340675,12,세종특별시
2026-06-21T14:05:05+09:00,ALPACA,425540,51.0,36.368717,127.34193,12,세종특별시
2026-06-21T14:05:05+09:00,ALPACA,425442,78.0,36.368725,127.3407,12,세종특별시
2026-06-21T14:05:05+09:00,ALPACA,414402,83.0,36.36873,127.34073,12,세종특별시
2026-06-21T14:05:05+09:00,ALPACA,425172,56.0,36.36873,127.341965,12,세종특별시
2026-06-21T14:05:05+09:00,ALPACA,425715,76.0,36.368732,127.34067,12,세종특별시
2026-06-21T14:05:05+09:00,ALPACA,424626,56.0,36.368732,127.34056,12,세종특별시
2026-06-21T14:05:05+09:00,ALPACA,425394,100.0,36.368732,127.34068,12,세종특별시
2026-06-21T14:05:05+09:00,ALPACA,425522,58.0,36.368736,127.34069,12,세종특별시
2026-06-21T14:05:05+09:00,ALPACA,424475,50.0,36.368736,127.34069,12,세종특별시
2026-06-21T14:05:05+09:00,ALPACA,425230,100.0,36.368736,127.3407,12,세종특별시
2026-06-21T14:05:05+09:00,ALPACA,425249,84.0,36.368736,127.3406,12,세종특별시
2026-06-21T14:05:05+09:00,ALPACA,415497,55.0,36.368744,127.34252,12,세종특별시
2026-06-21T14:05:05+09:00,ALPACA,425473,52.0,36.368767,127.3419,12,세종특별시
2026-06-21T14:05:05+09:00,ALPACA,424500,87.0,36.36877,127.34069,12,세종특별시
2026-06-21T14:05:05+09:00,ALPACA,424877,75.0,36.36877,127.340675,12,세종특별시
2026-06-21T14:05:05+09:00,ALPACA,425277,93.0,36.36877,127.340706,12,세종특별시
2026-06-21T14:05:05+09:00,ALPACA,424959,75.0,36.368786,127.34069,12,세종특별시
2026-06-21T14:05:05+09:00,ALPACA,424633,80.0,36.36879,127.34076,12,세종특별시
2026-06-21T14:05:05+09:00,ALPACA,425457,62.0,36.368793,127.34071,12,세종특별시
2026-06-21T14:05:05+09:00,ALPACA,425542,52.0,36.368805,127.34252,12,세종특별시
2026-06-21T14:05:05+09:00,ALPACA,424440,60.0,36.36884,127.340004,12,세종특별시
2026-06-21T14:05:05+09:00,ALPACA,425538,49.0,36.36886,127.33998,12,세종특별시
2026-06-21T14:05:05+09:00,ALPACA,426105,97.0,36.368874,127.31593,12,세종특별시
2026-06-21T14:05:05+09:00,ALPACA,425080,76.0,36.368877,127.34285,12,세종특별시
2026-06-21T14:05:05+09:00,ALPACA,426099,86.0,36.36888,127.34277,12,세종특별시
2026-06-21T14:05:05+09:00,ALPACA,425043,52.0,36.368885,127.339966,12,세종특별시
2026-06-21T14:05:05+09:00,ALPACA,425311,57.0,36.36889,127.33994,12,세종특별시
2026-06-21T14:05:05+09:00,ALPACA,425081,51.0,36.368896,127.339966,12,세종특별시
2026-06-21T14:05:05+09:00,ALPACA,424417,52.0,36.3689,127.33996,12,세종특별시
2026-06-21T14:05:05+09:00,ALPACA,425415,67.0,36.368904,127.34292,12,세종특별시
2026-06-21T14:05:05+09:00,ALPACA,424686,48.0,36.368904,127.34285,12,세종특별시
2026-06-21T14:05:05+09:00,ALPACA,424718,77.0,36.368908,127.35069,12,세종특별시
2026-06-21T14:05:05+09:00,ALPACA,425071,53.0,36.36891,127.34288,12,세종특별시
2026-06-21T14:05:05+09:00,ALPACA,426361,87.0,36.368916,127.34398,12,세종특별시
2026-06-21T14:05:05+09:00,ALPACA,424355,72.0,36.368935,127.340996,12,세종특별시
2026-06-21T14:05:05+09:00,ALPACA,424980,36.0,36.368954,127.34293,12,세종특별시
2026-06-21T14:05:05+09:00,ALPACA,426267,75.0,36.36896,127.340836,12,세종특별시
2026-06-21T14:05:05+09:00,ALPACA,424552,61.0,36.368973,127.3398,12,세종특별시
2026-06-21T14:05:05+09:00,ALPACA,424940,49.0,36.368977,127.33997,12,세종특별시
2026-06-21T14:05:05+09:00,ALPACA,424339,67.0,36.36899,127.339966,12,세종특별시
2026-06-21T14:05:05+09:00,ALPACA,425163,39.0,36.36899,127.3425,12,세종특별시
2026-06-21T14:05:05+09:00,ALPACA,425447,100.0,36.368996,127.34001,12,세종특별시
2026-06-21T14:05:05+09:00,ALPACA,425264,69.0,36.369022,127.33998,12,세종특별시
2026-06-21T14:05:05+09:00,ALPACA,425429,64.0,36.36903,127.339935,12,세종특별시
2026-06-21T14:05:05+09:00,ALPACA,425628,42.0,36.369175,127.33391,12,세종특별시
2026-06-21T14:05:05+09:00,ALPACA,425232,100.0,36.369297,127.366806,12,세종특별시
2026-06-21T14:05:05+09:00,ALPACA,426370,51.0,36.369522,127.35133,12,세종특별시
2026-06-21T14:05:05+09:00,ALPACA,424341,31.0,36.369537,127.35133,12,세종특별시
2026-06-21T14:05:05+09:00,ALPACA,424513,82.0,36.369537,127.35133,12,세종특별시
2026-06-21T14:05:05+09:00,ALPACA,425771,70.0,36.36954,127.35135,12,세종특별시
2026-06-21T14:05:05+09:00,ALPACA,424351,79.0,36.36954,127.351295,12,세종특별시
2026-06-21T14:05:05+09:00,ALPACA,425633,46.0,36.369545,127.35128,12,세종특별시
2026-06-21T14:05:05+09:00,ALPACA,425280,77.0,36.369545,127.35132,12,세종특별시
2026-06-21T14:05:05+09:00,ALPACA,425418,95.0,36.369553,127.351326,12,세종특별시
2026-06-21T14:05:05+09:00,ALPACA,425187,73.0,36.369553,127.35134,12,세종특별시
2026-06-21T14:05:05+09:00,ALPACA,425528,74.0,36.369556,127.35126,12,세종특별시
2026-06-21T14:05:05+09:00,ALPACA,424796,100.0,36.369556,127.35134,12,세종특별시
2026-06-21T14:05:05+09:00,ALPACA,425177,100.0,36.369556,127.35128,12,세종특별시
2026-06-21T14:05:05+09:00,ALPACA,425692,94.0,36.36956,127.35127,12,세종특별시
2026-06-21T14:05:05+09:00,ALPACA,424888,83.0,36.36956,127.35126,12,세종특별시
2026-06-21T14:05:05+09:00,ALPACA,425176,71.0,36.36956,127.35123,12,세종특별시
2026-06-21T14:05:05+09:00,ALPACA,425484,95.0,36.369564,127.35133,12,세종특별시
2026-06-21T14:05:05+09:00,ALPACA,424186,87.0,36.369568,127.351265,12,세종특별시
2026-06-21T14:05:05+09:00,ALPACA,424749,93.0,36.369568,127.34378,12,세종특별시
2026-06-21T14:05:05+09:00,ALPACA,424803,62.0,36.369583,127.35124,12,세종특별시
2026-06-21T14:05:05+09:00,ALPACA,425462,89.0,36.369587,127.3513,12,세종특별시
2026-06-21T14:05:05+09:00,ALPACA,425631,50.0,36.36959,127.35129,12,세종특별시
2026-06-21T14:05:05+09:00,ALPACA,424464,36.0,36.369595,127.31903,12,세종특별시
2026-06-21T14:05:05+09:00,ALPACA,425534,46.0,36.3696,127.3437,12,세종특별시
2026-06-21T14:05:05+09:00,ALPACA,423908,97.0,36.369606,127.351166,12,세종특별시
2026-06-21T14:05:05+09:00,ALPACA,425581,99.0,36.369614,127.35119,12,세종특별시
2026-06-21T14:05:05+09:00,ALPACA,424855,95.0,36.369614,127.35117,12,세종특별시
2026-06-21T14:05:05+09:00,ALPACA,425328,61.0,36.369614,127.35118,12,세종특별시
2026-06-21T14:05:05+09:00,ALPACA,425775,99.0,36.369617,127.343285,12,세종특별시
2026-06-21T14:05:05+09:00,ALPACA,425105,77.0,36.36963,127.351166,12,세종특별시
2026-06-21T14:05:05+09:00,ALPACA,425513,72.0,36.369637,127.34374,12,세종특별시
2026-06-21T14:05:05+09:00,ALPACA,424480,67.0,36.369637,127.35117,12,세종특별시
2026-06-21T14:05:05+09:00,ALPACA,425369,100.0,36.36964,127.36308,12,세종특별시
2026-06-21T14:05:05+09:00,ALPACA,424784,85.0,36.369648,127.3512,12,세종특별시
2026-06-21T14:05:05+09:00,ALPACA,424419,58.0,36.36966,127.31805,12,세종특별시
2026-06-21T14:05:05+09:00,ALPACA,424368,67.0,36.36967,127.35114,12,세종특별시
2026-06-21T14:05:05+09:00,ALPACA,425069,100.0,36.36967,127.343445,12,세종특별시
2026-06-21T14:05:05+09:00,ALPACA,425283,89.0,36.36971,127.36292,12,세종특별시
2026-06-21T14:05:05+09:00,ALPACA,424774,58.0,36.369747,127.362854,12,세종특별시
2026-06-21T14:05:05+09:00,ALPACA,425474,100.0,36.36976,127.343666,12,세종특별시
2026-06-21T14:05:05+09:00,ALPACA,425399,98.0,36.369865,127.34422,12,세종특별시
2026-06-21T14:05:05+09:00,ALPACA,424353,80.0,36.369884,127.3439,12,세종특별시
2026-06-21T14:05:05+09:00,ALPACA,424522,58.0,36.36989,127.34386,12,세종특별시
2026-06-21T14:05:05+09:00,ALPACA,424167,67.0,36.3699,127.34381,12,세종특별시
2026-06-21T14:05:05+09:00,ALPACA,425100,77.0,36.369915,127.34536,12,세종특별시
2026-06-21T14:05:05+09:00,ALPACA,425686,92.0,36.36993,127.343834,12,세종특별시
2026-06-21T14:05:05+09:00,ALPACA,425512,84.0,36.369938,127.3386,12,세종특별시
2026-06-21T14:05:05+09:00,ALPACA,426360,90.0,36.369976,127.36287,12,세종특별시
2026-06-21T14:05:05+09:00,ALPACA,411686,80.0,36.370014,127.33849,12,세종특별시
2026-06-21T14:05:05+09:00,ALPACA,424680,54.0,36.37004,127.36051,12,세종특별시
2026-06-21T14:05:05+09:00,ALPACA,424721,50.0,36.37004,127.36049,12,세종특별시
2026-06-21T14:05:05+09:00,ALPACA,424659,70.0,36.370064,127.3623,12,세종특별시
2026-06-21T14:05:05+09:00,ALPACA,424359,100.0,36.370087,127.36006,12,세종특별시
2026-06-21T14:05:05+09:00,ALPACA,424444,94.0,36.37011,127.36043,12,세종특별시
2026-06-21T14:05:05+09:00,ALPACA,425023,91.0,36.370174,127.33713,12,세종특별시
2026-06-21T14:05:05+09:00,ALPACA,425523,76.0,36.370678,127.363815,12,세종특별시
2026-06-21T14:05:05+09:00,ALPACA,424822,67.0,36.370678,127.35352,12,세종특별시
2026-06-21T14:05:05+09:00,ALPACA,424996,90.0,36.37071,127.36244,12,세종특별시
2026-06-21T14:05:05+09:00,ALPACA,425108,34.0,36.370777,127.362526,12,세종특별시
2026-06-21T14:05:05+09:00,ALPACA,424473,99.0,36.370804,127.36242,12,세종특별시
2026-06-21T14:05:05+09:00,ALPACA,424988,100.0,36.37086,127.362404,12,세종특별시
2026-06-21T14:05:05+09:00,ALPACA,426302,97.0,36.37099,127.33506,12,세종특별시
2026-06-21T14:05:05+09:00,ALPACA,425576,95.0,36.371258,127.34147,12,세종특별시
2026-06-21T14:05:05+09:00,ALPACA,424373,63.0,36.371258,127.34145,12,세종특별시
2026-06-21T14:05:05+09:00,ALPACA,425026,96.0,36.371265,127.34145,12,세종특별시
2026-06-21T14:05:05+09:00,ALPACA,425425,98.0,36.37127,127.3415,12,세종특별시
2026-06-21T14:05:05+09:00,ALPACA,425511,96.0,36.37127,127.34154,12,세종특별시
2026-06-21T14:05:05+09:00,ALPACA,425533,100.0,36.37127,127.34148,12,세종특별시
2026-06-21T14:05:05+09:00,ALPACA,425145,100.0,36.37127,127.341324,12,세종특별시
2026-06-21T14:05:05+09:00,ALPACA,424421,100.0,36.371277,127.34138,12,세종특별시
2026-06-21T14:05:05+09:00,ALPACA,425082,97.0,36.371277,127.34136,12,세종특별시
2026-06-21T14:05:05+09:00,ALPACA,425500,94.0,36.37128,127.341415,12,세종특별시
2026-06-21T14:05:05+09:00,ALPACA,424798,100.0,36.37128,127.34133,12,세종특별시
2026-06-21T14:05:05+09:00,ALPACA,425501,100.0,36.371284,127.34147,12,세종특별시
2026-06-21T14:05:05+09:00,ALPACA,425439,100.0,36.37129,127.341385,12,세종특별시
2026-06-21T14:05:05+09:00,ALPACA,425530,40.0,36.37129,127.34139,12,세종특별시
2026-06-21T14:05:05+09:00,ALPACA,424489,64.0,36.371292,127.33516,12,세종특별시
2026-06-21T14:05:05+09:00,ALPACA,425099,49.0,36.371292,127.341446,12,세종특별시
2026-06-21T14:05:05+09:00,ALPACA,425495,73.0,36.371307,127.34139,12,세종특별시
2026-06-21T14:05:05+09:00,ALPACA,426495,36.0,36.37135,127.3334,12,세종특별시
2026-06-21T14:05:05+09:00,ALPACA,424340,62.0,36.37135,127.33523,12,세종특별시
2026-06-21T14:05:05+09:00,ALPACA,424689,90.0,36.37144,127.34334,12,세종특별시
2026-06-21T14:05:05+09:00,ALPACA,425170,55.0,36.37144,127.34328,12,세종특별시
2026-06-21T14:05:05+09:00,ALPACA,425276,100.0,36.37144,127.34322,12,세종특별시
2026-06-21T14:05:05+09:00,ALPACA,424565,87.0,36.371468,127.34339,12,세종특별시
2026-06-21T14:05:05+09:00,ALPACA,426231,78.0,36.371475,127.34335,12,세종특별시
2026-06-21T14:05:05+09:00,ALPACA,425503,62.0,36.37149,127.34339,12,세종특별시
2026-06-21T14:05:05+09:00,ALPACA,424766,100.0,36.37149,127.343346,12,세종특별시
2026-06-21T14:05:05+09:00,ALPACA,426499,63.0,36.371517,127.343254,12,세종특별시
2026-06-21T14:05:05+09:00,ALPACA,424390,100.0,36.371548,127.343254,12,세종특별시
2026-06-21T14:05:05+09:00,ALPACA,424923,96.0,36.37156,127.34324,12,세종특별시
2026-06-21T14:05:05+09:00,ALPACA,425011,65.0,36.37156,127.34327,12,세종특별시
2026-06-21T14:05:05+09:00,ALPACA,424636,100.0,36.371567,127.343254,12,세종특별시
2026-06-21T14:05:05+09:00,ALPACA,424606,100.0,36.37161,127.34328,12,세종특별시
2026-06-21T14:05:05+09:00,ALPACA,424122,100.0,36.371834,127.35854,12,세종특별시
2026-06-21T14:05:05+09:00,ALPACA,425452,100.0,36.371937,127.36205,12,세종특별시
2026-06-21T14:05:05+09:00,ALPACA,425469,42.0,36.3721,127.338486,12,세종특별시
2026-06-21T14:05:05+09:00,ALPACA,424549,97.0,36.372116,127.341644,12,세종특별시
2026-06-21T14:05:05+09:00,ALPACA,426455,100.0,36.372143,127.31735,12,세종특별시
2026-06-21T14:05:05+09:00,ALPACA,426166,99.0,36.372253,127.319115,12,세종특별시
2026-06-21T14:05:05+09:00,ALPACA,425708,100.0,36.372253,127.31916,12,세종특별시
2026-06-21T14:05:05+09:00,ALPACA,424757,37.0,36.372307,127.32329,12,세종특별시
2026-06-21T14:05:05+09:00,ALPACA,424043,47.0,36.372322,127.33547,12,세종특별시
2026-06-21T14:05:05+09:00,ALPACA,425146,91.0,36.372368,127.318184,12,세종특별시
2026-06-21T14:05:05+09:00,ALPACA,424854,43.0,36.372383,127.33531,12,세종특별시
2026-06-21T14:05:05+09:00,ALPACA,426560,79.0,36.37239,127.317566,12,세종특별시
2026-06-21T14:05:05+09:00,ALPACA,424831,47.0,36.372395,127.33536,12,세종특별시
2026-06-21T14:05:05+09:00,ALPACA,424476,57.0,36.372402,127.335365,12,세종특별시
2026-06-21T14:05:05+09:00,ALPACA,425580,56.0,36.372406,127.33523,12,세종특별시
2026-06-21T14:05:05+09:00,ALPACA,424867,52.0,36.372406,127.3354,12,세종특별시
2026-06-21T14:05:05+09:00,ALPACA,426247,100.0,36.372437,127.31809,12,세종특별시
2026-06-21T14:05:05+09:00,ALPACA,426433,100.0,36.372448,127.31799,12,세종특별시
2026-06-21T14:05:05+09:00,ALPACA,426492,100.0,36.37245,127.31804,12,세종특별시
2026-06-21T14:05:05+09:00,ALPACA,426108,41.0,36.372513,127.33413,12,세종특별시
2026-06-21T14:05:05+09:00,ALPACA,424702,91.0,36.372513,127.343254,12,세종특별시
2026-06-21T14:05:05+09:00,ALPACA,426389,85.0,36.372578,127.316505,12,세종특별시
2026-06-21T14:05:05+09:00,ALPACA,425347,67.0,36.372673,127.339615,12,세종특별시
2026-06-21T14:05:05+09:00,ALPACA,424474,33.0,36.372723,127.33958,12,세종특별시
2026-06-21T14:05:05+09:00,ALPACA,425022,75.0,36.37283,127.33968,12,세종특별시
2026-06-21T14:05:05+09:00,ALPACA,426278,92.0,36.3729,127.34384,12,세종특별시
2026-06-21T14:05:05+09:00,ALPACA,424869,70.0,36.372925,127.34386,12,세종특별시
2026-06-21T14:05:05+09:00,ALPACA,424690,50.0,36.37295,127.34388,12,세종특별시
2026-06-21T14:05:05+09:00,ALPACA,424406,51.0,36.37296,127.35964,12,세종특별시
2026-06-21T14:05:05+09:00,ALPACA,425544,93.0,36.372963,127.34385,12,세종특별시
2026-06-21T14:05:05+09:00,ALPACA,424503,71.0,36.372963,127.34382,12,세종특별시
2026-06-21T14:05:05+09:00,ALPACA,425707,96.0,36.372986,127.359566,12,세종특별시
2026-06-21T14:05:05+09:00,ALPACA,424730,46.0,36.37302,127.3229,12,세종특별시
2026-06-21T14:05:05+09:00,ALPACA,425783,73.0,36.37322,127.31787,12,세종특별시
2026-06-21T14:05:05+09:00,ALPACA,426206,78.0,36.373222,127.31785,12,세종특별시
2026-06-21T14:05:05+09:00,ALPACA,426341,75.0,36.373226,127.31795,12,세종특별시
2026-06-21T14:05:05+09:00,ALPACA,426488,100.0,36.373234,127.317955,12,세종특별시
2026-06-21T14:05:05+09:00,ALPACA,425768,84.0,36.37325,127.31785,12,세종특별시
2026-06-21T14:05:05+09:00,ALPACA,424604,99.0,36.373253,127.31787,12,세종특별시
2026-06-21T14:05:05+09:00,ALPACA,426269,75.0,36.373257,127.3177,12,세종특별시
2026-06-21T14:05:05+09:00,ALPACA,426271,74.0,36.37326,127.317955,12,세종특별시
2026-06-21T14:05:05+09:00,ALPACA,426180,78.0,36.37326,127.31786,12,세종특별시
2026-06-21T14:05:05+09:00,ALPACA,426374,77.0,36.373264,127.317825,12,세종특별시
2026-06-21T14:05:05+09:00,ALPACA,426309,76.0,36.373264,127.317856,12,세종특별시
2026-06-21T14:05:05+09:00,ALPACA,426259,76.0,36.37328,127.31791,12,세종특별시
2026-06-21T14:05:05+09:00,ALPACA,426181,75.0,36.373295,127.31789,12,세종특별시
2026-06-21T14:05:05+09:00,ALPACA,426346,75.0,36.373356,127.31793,12,세종특별시
2026-06-21T14:05:05+09:00,ALPACA,424559,77.0,36.373486,127.35942,12,세종특별시
2026-06-21T14:05:05+09:00,ALPACA,424477,99.0,36.3735,127.35747,12,세종특별시
2026-06-21T14:05:05+09:00,ALPACA,425012,100.0,36.37351,127.35943,12,세종특별시
2026-06-21T14:05:05+09:00,ALPACA,425414,100.0,36.37352,127.36153,12,세종특별시
2026-06-21T14:05:05+09:00,ALPACA,424463,99.0,36.373528,127.344246,12,세종특별시
2026-06-21T14:05:05+09:00,ALPACA,414534,33.0,36.37355,127.34421,12,세종특별시
2026-06-21T14:05:05+09:00,ALPACA,425776,100.0,36.37355,127.34419,12,세종특별시
2026-06-21T14:05:05+09:00,ALPACA,425372,97.0,36.373554,127.3442,12,세종특별시
2026-06-21T14:05:05+09:00,ALPACA,426359,100.0,36.373558,127.34419,12,세종특별시
2026-06-21T14:05:05+09:00,ALPACA,424118,60.0,36.37356,127.344185,12,세종특별시
2026-06-21T14:05:05+09:00,ALPACA,425604,100.0,36.373577,127.34417,12,세종특별시
2026-06-21T14:05:05+09:00,ALPACA,425378,35.0,36.37358,127.36044,12,세종특별시
2026-06-21T14:05:05+09:00,ALPACA,425390,84.0,36.373585,127.34157,12,세종특별시
2026-06-21T14:05:05+09:00,ALPACA,425541,37.0,36.373592,127.34407,12,세종특별시
2026-06-21T14:05:05+09:00,ALPACA,425978,71.0,36.373596,127.318825,12,세종특별시
2026-06-21T14:05:05+09:00,ALPACA,425449,76.0,36.373596,127.344215,12,세종특별시
2026-06-21T14:05:05+09:00,ALPACA,424537,33.0,36.373596,127.34419,12,세종특별시
2026-06-21T14:05:05+09:00,ALPACA,426308,62.0,36.373833,127.31935,12,세종특별시
2026-06-21T14:05:05+09:00,ALPACA,426552,42.0,36.37385,127.31868,12,세종특별시
2026-06-21T14:05:05+09:00,ALPACA,424472,58.0,36.373928,127.36016,12,세종특별시
2026-06-21T14:05:05+09:00,ALPACA,426358,93.0,36.374073,127.32251,12,세종특별시
2026-06-21T14:05:05+09:00,ALPACA,425706,97.0,36.37411,127.36511,12,세종특별시
2026-06-21T14:05:05+09:00,ALPACA,426213,33.0,36.374172,127.319435,12,세종특별시
2026-06-21T14:05:05+09:00,ALPACA,425252,35.0,36.37425,127.37938,12,세종특별시
2026-06-21T14:05:05+09:00,ALPACA,424729,48.0,36.374523,127.34653,12,세종특별시
2026-06-21T14:05:05+09:00,ALPACA,426515,95.0,36.374584,127.31869,12,세종특별시
2026-06-21T14:05:05+09:00,ALPACA,414747,41.0,36.374588,127.3592,12,세종특별시
2026-06-21T14:05:05+09:00,ALPACA,425444,78.0,36.374622,127.34199,12,세종특별시
2026-06-21T14:05:05+09:00,ALPACA,426270,100.0,36.37484,127.31804,12,세종특별시
2026-06-21T14:05:05+09:00,ALPACA,425619,80.0,36.374844,127.31805,12,세종특별시
2026-06-21T14:05:05+09:00,ALPACA,425903,100.0,36.374844,127.318016,12,세종특별시
2026-06-21T14:05:05+09:00,ALPACA,425895,100.0,36.37485,127.318016,12,세종특별시
2026-06-21T14:05:05+09:00,ALPACA,426363,100.0,36.37485,127.31805,12,세종특별시
2026-06-21T14:05:05+09:00,ALPACA,426319,73.0,36.374866,127.31801,12,세종특별시
2026-06-21T14:05:05+09:00,ALPACA,426327,99.0,36.37488,127.3181,12,세종특별시
2026-06-21T14:05:05+09:00,ALPACA,425273,48.0,36.374928,127.33777,12,세종특별시
2026-06-21T14:05:05+09:00,ALPACA,426510,93.0,36.374958,127.31813,12,세종특별시
2026-06-21T14:05:05+09:00,ALPACA,426345,46.0,36.37507,127.322754,12,세종특별시
2026-06-21T14:05:05+09:00,ALPACA,426501,74.0,36.37531,127.31902,12,세종특별시
2026-06-21T14:05:05+09:00,ALPACA,426264,47.0,36.375626,127.305466,12,세종특별시
2026-06-21T14:05:05+09:00,ALPACA,425550,91.0,36.375713,127.34391,12,세종특별시
2026-06-21T14:05:05+09:00,ALPACA,425395,84.0,36.37572,127.34391,12,세종특별시
2026-06-21T14:05:05+09:00,ALPACA,423795,37.0,36.375755,127.3439,12,세종특별시
2026-06-21T14:05:05+09:00,ALPACA,414468,74.0,36.375767,127.3918,12,세종특별시
2026-06-21T14:05:05+09:00,ALPACA,411696,100.0,36.375797,127.39184,12,세종특별시
2026-06-21T14:05:05+09:00,ALPACA,425521,100.0,36.375797,127.39178,12,세종특별시
2026-06-21T14:05:05+09:00,ALPACA,426491,72.0,36.375816,127.32071,12,세종특별시
2026-06-21T14:05:05+09:00,ALPACA,424974,70.0,36.375847,127.34323,12,세종특별시
2026-06-21T14:05:05+09:00,ALPACA,425424,100.0,36.37585,127.39187,12,세종특별시
2026-06-21T14:05:05+09:00,ALPACA,414802,100.0,36.375854,127.39182,12,세종특별시
2026-06-21T14:05:05+09:00,ALPACA,424975,65.0,36.37587,127.34326,12,세종특별시
2026-06-21T14:05:05+09:00,ALPACA,425675,39.0,36.375874,127.34323,12,세종특별시
2026-06-21T14:05:05+09:00,ALPACA,424928,86.0,36.375877,127.34329,12,세종특별시
2026-06-21T14:05:05+09:00,ALPACA,424706,90.0,36.375885,127.34326,12,세종특별시
2026-06-21T14:05:05+09:00,ALPACA,424763,91.0,36.37589,127.34326,12,세종특별시
2026-06-21T14:05:05+09:00,ALPACA,424224,99.0,36.375893,127.34325,12,세종특별시
2026-06-21T14:05:05+09:00,ALPACA,425221,94.0,36.375908,127.34323,12,세종특별시
2026-06-21T14:05:05+09:00,ALPACA,424387,35.0,36.375923,127.34327,12,세종특별시
2026-06-21T14:05:05+09:00,ALPACA,425049,95.0,36.37593,127.34325,12,세종특별시
2026-06-21T14:05:05+09:00,ALPACA,424458,99.0,36.37594,127.343315,12,세종특별시
2026-06-21T14:05:05+09:00,ALPACA,424903,88.0,36.37599,127.343346,12,세종특별시
2026-06-21T14:05:05+09:00,ALPACA,425385,98.0,36.37601,127.343346,12,세종특별시
2026-06-21T14:05:05+09:00,ALPACA,426367,64.0,36.376015,127.315575,12,세종특별시
2026-06-21T14:05:05+09:00,ALPACA,426380,72.0,36.37604,127.31558,12,세종특별시
2026-06-21T14:05:05+09:00,ALPACA,426275,53.0,36.37618,127.318115,12,세종특별시
2026-06-21T14:05:05+09:00,ALPACA,425970,65.0,36.376225,127.32361,12,세종특별시
2026-06-21T14:05:05+09:00,ALPACA,426468,81.0,36.37625,127.3178,12,세종특별시
2026-06-21T14:05:05+09:00,ALPACA,425713,96.0,36.376305,127.31809,12,세종특별시
2026-06-21T14:05:05+09:00,ALPACA,426369,89.0,36.376423,127.34488,12,세종특별시
2026-06-21T14:05:05+09:00,ALPACA,424401,68.0,36.37653,127.356346,12,세종특별시
2026-06-21T14:05:05+09:00,ALPACA,424346,40.0,36.37665,127.34351,12,세종특별시
2026-06-21T14:05:05+09:00,ALPACA,424668,93.0,36.37673,127.344185,12,세종특별시
2026-06-21T14:05:05+09:00,ALPACA,425202,81.0,36.376736,127.34402,12,세종특별시
2026-06-21T14:05:05+09:00,ALPACA,425705,93.0,36.376785,127.34415,12,세종특별시
2026-06-21T14:05:05+09:00,ALPACA,425029,68.0,36.37679,127.344055,12,세종특별시
2026-06-21T14:05:05+09:00,ALPACA,424665,83.0,36.376812,127.34418,12,세종특별시
2026-06-21T14:05:05+09:00,ALPACA,424850,91.0,36.376842,127.34418,12,세종특별시
2026-06-21T14:05:05+09:00,ALPACA,426352,38.0,36.376865,127.315025,12,세종특별시
2026-06-21T14:05:05+09:00,ALPACA,426106,48.0,36.37703,127.324646,12,세종특별시
2026-06-21T14:05:05+09:00,ALPACA,425349,80.0,36.37728,127.34337,12,세종특별시
2026-06-21T14:05:05+09:00,ALPACA,425961,42.0,36.37787,127.324715,12,세종특별시
2026-06-21T14:05:05+09:00,ALPACA,426233,91.0,36.377945,127.30402,12,세종특별시
2026-06-21T14:05:05+09:00,ALPACA,426317,44.0,36.37842,127.316895,12,세종특별시
2026-06-21T14:05:05+09:00,ALPACA,425248,47.0,36.378452,127.34295,12,세종특별시
2026-06-21T14:05:05+09:00,ALPACA,424880,92.0,36.378475,127.315636,12,세종특별시
2026-06-21T14:05:05+09:00,ALPACA,424982,76.0,36.378605,127.31698,12,세종특별시
2026-06-21T14:05:05+09:00,ALPACA,426447,49.0,36.378735,127.3202,12,세종특별시
2026-06-21T14:05:05+09:00,ALPACA,426110,65.0,36.379402,127.31587,12,세종특별시
2026-06-21T14:05:05+09:00,ALPACA,426469,49.0,36.379536,127.32516,12,세종특별시
2026-06-21T14:05:05+09:00,ALPACA,426364,72.0,36.37954,127.316086,12,세종특별시
2026-06-21T14:05:05+09:00,ALPACA,424525,68.0,36.38085,127.33766,12,세종특별시
2026-06-21T14:05:05+09:00,ALPACA,425241,30.0,36.381367,127.324715,12,세종특별시
2026-06-21T14:05:05+09:00,ALPACA,425531,43.0,36.38258,127.319176,12,세종특별시
2026-06-21T14:05:05+09:00,ALPACA,424949,96.0,36.382713,127.323875,12,세종특별시
2026-06-21T14:05:05+09:00,ALPACA,425117,84.0,36.383396,127.32094,12,세종특별시
2026-06-21T14:05:05+09:00,ALPACA,426207,35.0,36.38366,127.3195,12,세종특별시
2026-06-21T14:05:05+09:00,ALPACA,426443,100.0,36.38367,127.31982,12,세종특별시
2026-06-21T14:05:05+09:00,ALPACA,426303,100.0,36.383705,127.3198,12,세종특별시
2026-06-21T14:05:05+09:00,ALPACA,426440,100.0,36.38371,127.3198,12,세종특별시
2026-06-21T14:05:05+09:00,ALPACA,426479,89.0,36.383713,127.319855,12,세종특별시
2026-06-21T14:05:05+09:00,ALPACA,426561,99.0,36.383717,127.31979,12,세종특별시
2026-06-21T14:05:05+09:00,ALPACA,426356,90.0,36.38372,127.31977,12,세종특별시
2026-06-21T14:05:05+09:00,ALPACA,426230,100.0,36.383724,127.31979,12,세종특별시
2026-06-21T14:05:05+09:00,ALPACA,426432,52.0,36.383724,127.31917,12,세종특별시
2026-06-21T14:05:05+09:00,ALPACA,425905,81.0,36.383728,127.319756,12,세종특별시
2026-06-21T14:05:05+09:00,ALPACA,425971,100.0,36.38375,127.31977,12,세종특별시
2026-06-21T14:05:05+09:00,ALPACA,426326,60.0,36.383774,127.31974,12,세종특별시
2026-06-21T14:05:05+09:00,ALPACA,424717,83.0,36.383774,127.30337,12,세종특별시
2026-06-21T14:05:05+09:00,ALPACA,425702,95.0,36.3838,127.31977,12,세종특별시
2026-06-21T14:05:05+09:00,ALPACA,426430,70.0,36.383823,127.319145,12,세종특별시
2026-06-21T14:05:05+09:00,ALPACA,426130,99.0,36.383854,127.3191,12,세종특별시
2026-06-21T14:05:05+09:00,ALPACA,426372,100.0,36.383865,127.31909,12,세종특별시
2026-06-21T14:05:05+09:00,ALPACA,426485,94.0,36.383907,127.319115,12,세종특별시
2026-06-21T14:05:05+09:00,ALPACA,425506,80.0,36.384212,127.36762,12,세종특별시
2026-06-21T14:05:05+09:00,ALPACA,425243,85.0,36.384308,127.31998,12,세종특별시
2026-06-21T14:05:05+09:00,ALPACA,426404,56.0,36.38485,127.324615,12,세종특별시
2026-06-21T14:05:05+09:00,ALPACA,425179,54.0,36.384888,127.32376,12,세종특별시
2026-06-21T14:05:05+09:00,ALPACA,425727,82.0,36.38503,127.32436,12,세종특별시
2026-06-21T14:05:05+09:00,ALPACA,426296,62.0,36.385063,127.32424,12,세종특별시
2026-06-21T14:05:05+09:00,ALPACA,426472,39.0,36.385086,127.324326,12,세종특별시
2026-06-21T14:05:05+09:00,ALPACA,426412,97.0,36.38509,127.30794,12,세종특별시
2026-06-21T14:05:05+09:00,ALPACA,426528,36.0,36.385265,127.32443,12,세종특별시
2026-06-21T14:05:05+09:00,ALPACA,426298,61.0,36.385635,127.328224,12,세종특별시
2026-06-21T14:05:05+09:00,ALPACA,425969,92.0,36.385647,127.32822,12,세종특별시
2026-06-21T14:05:05+09:00,ALPACA,424712,80.0,36.38569,127.32819,12,세종특별시
2026-06-21T14:05:05+09:00,ALPACA,426428,38.0,36.385708,127.32818,12,세종특별시
2026-06-21T14:05:05+09:00,ALPACA,426390,91.0,36.38571,127.32817,12,세종특별시
2026-06-21T14:05:05+09:00,ALPACA,414714,100.0,36.385803,127.377365,12,세종특별시
2026-06-21T14:05:05+09:00,ALPACA,426129,58.0,36.385807,127.30859,12,세종특별시
2026-06-21T14:05:05+09:00,ALPACA,424509,100.0,36.385815,127.37732,12,세종특별시
2026-06-21T14:05:05+09:00,ALPACA,414750,100.0,36.385822,127.37734,12,세종특별시
2026-06-21T14:05:05+09:00,ALPACA,414717,100.0,36.385826,127.37734,12,세종특별시
2026-06-21T14:05:05+09:00,ALPACA,414748,100.0,36.385826,127.37734,12,세종특별시
2026-06-21T14:05:05+09:00,ALPACA,426046,100.0,36.385838,127.377335,12,세종특별시
2026-06-21T14:05:05+09:00,ALPACA,426109,51.0,36.386055,127.32817,12,세종특별시
2026-06-21T14:05:05+09:00,ALPACA,426280,88.0,36.3861,127.32676,12,세종특별시
2026-06-21T14:05:05+09:00,ALPACA,425083,92.0,36.3862,127.32527,12,세종특별시
2026-06-21T14:05:05+09:00,ALPACA,426244,85.0,36.386227,127.32521,12,세종특별시
2026-06-21T14:05:05+09:00,ALPACA,426086,94.0,36.386375,127.318375,12,세종특별시
2026-06-21T14:05:05+09:00,ALPACA,425909,98.0,36.38664,127.315865,12,세종특별시
2026-06-21T14:05:05+09:00,ALPACA,426377,48.0,36.386665,127.31672,12,세종특별시
2026-06-21T14:05:05+09:00,ALPACA,425642,100.0,36.38679,127.31584,12,세종특별시
2026-06-21T14:05:05+09:00,ALPACA,426387,39.0,36.386887,127.31594,12,세종특별시
2026-06-21T14:05:05+09:00,ALPACA,426347,45.0,36.386913,127.31802,12,세종특별시
2026-06-21T14:05:05+09:00,ALPACA,426229,100.0,36.38696,127.315956,12,세종특별시
2026-06-21T14:05:05+09:00,ALPACA,426202,99.0,36.386967,127.31781,12,세종특별시
2026-06-21T14:05:05+09:00,ALPACA,424832,68.0,36.386997,127.31789,12,세종특별시
2026-06-21T14:05:05+09:00,ALPACA,426449,72.0,36.387016,127.317856,12,세종특별시
2026-06-21T14:05:05+09:00,ALPACA,425281,87.0,36.387028,127.322464,12,세종특별시
2026-06-21T14:05:05+09:00,ALPACA,426388,99.0,36.38733,127.32552,12,세종특별시
2026-06-21T14:05:05+09:00,ALPACA,424635,89.0,36.387386,127.30984,12,세종특별시
2026-06-21T14:05:05+09:00,ALPACA,414796,93.0,36.387424,127.40487,12,세종특별시
2026-06-21T14:05:05+09:00,ALPACA,426239,86.0,36.38745,127.31304,12,세종특별시
2026-06-21T14:05:05+09:00,ALPACA,424328,84.0,36.38746,127.31294,12,세종특별시
2026-06-21T14:05:05+09:00,ALPACA,424363,76.0,36.387497,127.31835,12,세종특별시
2026-06-21T14:05:05+09:00,ALPACA,426148,96.0,36.387505,127.318375,12,세종특별시
2026-06-21T14:05:05+09:00,ALPACA,426383,33.0,36.387604,127.3089,12,세종특별시
2026-06-21T14:05:05+09:00,ALPACA,426498,95.0,36.387653,127.30948,12,세종특별시
2026-06-21T14:05:05+09:00,ALPACA,426445,70.0,36.38767,127.32451,12,세종특별시
2026-06-21T14:05:05+09:00,ALPACA,426252,87.0,36.387684,127.3122,12,세종특별시
2026-06-21T14:05:05+09:00,ALPACA,426240,55.0,36.387722,127.311806,12,세종특별시
2026-06-21T14:05:05+09:00,ALPACA,426417,93.0,36.38773,127.31176,12,세종특별시
2026-06-21T14:05:05+09:00,ALPACA,426532,84.0,36.387753,127.303246,12,세종특별시
2026-06-21T14:05:05+09:00,ALPACA,426274,57.0,36.387863,127.32413,12,세종특별시
2026-06-21T14:05:05+09:00,ALPACA,425448,81.0,36.388226,127.34913,12,세종특별시
2026-06-21T14:05:05+09:00,ALPACA,426060,75.0,36.388245,127.33357,12,세종특별시
2026-06-21T14:05:05+09:00,ALPACA,426362,96.0,36.38874,127.31272,12,세종특별시
2026-06-21T14:05:05+09:00,ALPACA,426266,61.0,36.389297,127.314186,12,세종특별시
2026-06-21T14:05:05+09:00,ALPACA,426272,74.0,36.389503,127.29989,12,세종특별시
2026-06-21T14:05:05+09:00,ALPACA,426351,99.0,36.38966,127.30327,12,세종특별시
2026-06-21T14:05:05+09:00,ALPACA,426429,100.0,36.389664,127.350945,12,세종특별시
2026-06-21T14:05:05+09:00,ALPACA,424708,100.0,36.38975,127.348724,12,세종특별시
2026-06-21T14:05:05+09:00,ALPACA,415442,94.0,36.39018,127.39921,12,세종특별시
2026-06-21T14:05:05+09:00,ALPACA,414901,100.0,36.390182,127.399284,12,세종특별시
2026-06-21T14:05:05+09:00,ALPACA,424883,72.0,36.390182,127.39919,12,세종특별시
2026-06-21T14:05:05+09:00,ALPACA,414612,99.0,36.390186,127.399155,12,세종특별시
2026-06-21T14:05:05+09:00,ALPACA,424646,94.0,36.390186,127.39919,12,세종특별시
2026-06-21T14:05:05+09:00,ALPACA,415142,97.0,36.390194,127.399185,12,세종특별시
2026-06-21T14:05:05+09:00,ALPACA,424697,98.0,36.390194,127.399315,12,세종특별시
2026-06-21T14:05:05+09:00,ALPACA,426203,36.0,36.390198,127.31471,12,세종특별시
2026-06-21T14:05:05+09:00,ALPACA,424973,99.0,36.390198,127.399254,12,세종특별시
2026-06-21T14:05:05+09:00,ALPACA,414739,96.0,36.3902,127.39926,12,세종특별시
2026-06-21T14:05:05+09:00,ALPACA,426517,98.0,36.39021,127.39923,12,세종특별시
2026-06-21T14:05:05+09:00,ALPACA,425182,97.0,36.39021,127.39931,12,세종특별시
2026-06-21T14:05:05+09:00,ALPACA,415292,80.0,36.390213,127.399155,12,세종특별시
2026-06-21T14:05:05+09:00,ALPACA,425433,68.0,36.39022,127.39917,12,세종특별시
2026-06-21T14:05:05+09:00,ALPACA,424887,83.0,36.39023,127.40696,12,세종특별시
2026-06-21T14:05:05+09:00,ALPACA,426273,56.0,36.390278,127.3048,12,세종특별시
2026-06-21T14:05:05+09:00,ALPACA,426382,84.0,36.390472,127.305885,12,세종특별시
2026-06-21T14:05:05+09:00,ALPACA,426464,97.0,36.39052,127.30593,12,세종특별시
2026-06-21T14:05:05+09:00,ALPACA,426209,57.0,36.390526,127.30587,12,세종특별시
2026-06-21T14:05:05+09:00,ALPACA,426245,90.0,36.390743,127.30877,12,세종특별시
2026-06-21T14:05:05+09:00,ALPACA,424439,74.0,36.39101,127.32967,12,세종특별시
2026-06-21T14:05:05+09:00,ALPACA,414678,75.0,36.39109,127.40185,12,세종특별시
2026-06-21T14:05:05+09:00,ALPACA,414429,63.0,36.391315,127.31566,12,세종특별시
2026-06-21T14:05:05+09:00,ALPACA,425525,66.0,36.391342,127.312164,12,세종특별시
2026-06-21T14:05:05+09:00,ALPACA,426343,69.0,36.3915,127.31477,12,세종특별시
2026-06-21T14:05:05+09:00,ALPACA,425374,55.0,36.391506,127.36472,12,세종특별시
2026-06-21T14:05:05+09:00,ALPACA,426518,57.0,36.391514,127.3148,12,세종특별시
2026-06-21T14:05:05+09:00,ALPACA,424725,69.0,36.391537,127.31474,12,세종특별시
2026-06-21T14:05:05+09:00,ALPACA,425436,71.0,36.39154,127.31479,12,세종특별시
2026-06-21T14:05:05+09:00,ALPACA,425973,92.0,36.391624,127.31248,12,세종특별시
2026-06-21T14:05:05+09:00,ALPACA,426328,43.0,36.39181,127.31407,12,세종특별시
2026-06-21T14:05:05+09:00,ALPACA,426385,98.0,36.391815,127.31145,12,세종특별시
2026-06-21T14:05:05+09:00,ALPACA,426102,54.0,36.39187,127.31431,12,세종특별시
2026-06-21T14:05:05+09:00,ALPACA,426473,38.0,36.391926,127.31432,12,세종특별시
2026-06-21T14:05:05+09:00,ALPACA,424764,45.0,36.392334,127.314804,12,세종특별시
2026-06-21T14:05:05+09:00,ALPACA,425977,58.0,36.392525,127.31403,12,세종특별시
2026-06-21T14:05:05+09:00,ALPACA,426178,89.0,36.39258,127.313034,12,세종특별시
2026-06-21T14:05:05+09:00,ALPACA,424926,79.0,36.393276,127.3996,12,세종특별시
2026-06-21T14:05:05+09:00,ALPACA,426265,80.0,36.39347,127.35267,12,세종특별시
2026-06-21T14:05:05+09:00,ALPACA,426250,38.0,36.393757,127.31229,12,세종특별시
2026-06-21T14:05:05+09:00,ALPACA,426386,92.0,36.39455,127.31088,12,세종특별시
2026-06-21T14:05:05+09:00,ALPACA,425446,65.0,36.39505,127.3129,12,세종특별시
2026-06-21T14:05:05+09:00,ALPACA,426353,64.0,36.39544,127.313324,12,세종특별시
2026-06-21T14:05:05+09:00,ALPACA,424418,77.0,36.395535,127.310326,12,세종특별시
2026-06-21T14:05:05+09:00,ALPACA,414936,74.0,36.39674,127.400276,12,세종특별시
2026-06-21T14:05:05+09:00,ALPACA,424904,69.0,36.398495,127.400375,12,세종특별시
2026-06-21T14:05:05+09:00,ALPACA,425335,98.0,36.398674,127.39261,12,세종특별시
2026-06-21T14:05:05+09:00,ALPACA,414702,99.0,36.399685,127.391335,12,세종특별시
2026-06-21T14:05:05+09:00,ALPACA,414825,98.0,36.399708,127.40745,12,세종특별시
2026-06-21T14:05:05+09:00,ALPACA,425257,83.0,36.399757,127.39752,12,세종특별시
2026-06-21T14:05:05+09:00,ALPACA,415044,96.0,36.399815,127.402466,12,세종특별시
2026-06-21T14:05:05+09:00,ALPACA,414727,98.0,36.40091,127.411026,12,세종특별시
2026-06-21T14:05:05+09:00,ALPACA,425362,76.0,36.401062,127.390686,12,세종특별시
2026-06-21T14:05:05+09:00,ALPACA,414672,99.0,36.401077,127.390656,12,세종특별시
2026-06-21T14:05:05+09:00,ALPACA,414690,69.0,36.401077,127.390656,12,세종특별시
2026-06-21T14:05:05+09:00,ALPACA,414773,76.0,36.401085,127.390625,12,세종특별시
2026-06-21T14:05:05+09:00,ALPACA,424314,97.0,36.401104,127.39068,12,세종특별시
2026-06-21T14:05:05+09:00,ALPACA,424460,97.0,36.40111,127.39061,12,세종특별시
2026-06-21T14:05:05+09:00,ALPACA,414524,89.0,36.401436,127.40765,12,세종특별시
2026-06-21T14:05:05+09:00,ALPACA,425192,98.0,36.403355,127.397575,12,세종특별시
2026-06-21T14:05:05+09:00,ALPACA,414898,56.0,36.40528,127.39769,12,세종특별시
2026-06-21T14:05:05+09:00,ALPACA,414643,62.0,36.411682,127.40615,12,세종특별시
2026-06-21T14:05:05+09:00,ALPACA,424765,87.0,36.41186,127.41124,12,세종특별시
2026-06-21T14:05:05+09:00,ALPACA,425305,57.0,36.412758,127.40816,12,세종특별시
2026-06-21T14:05:05+09:00,ALPACA,425704,44.0,36.41315,127.40505,12,세종특별시
2026-06-21T14:05:05+09:00,ALPACA,415569,56.0,36.41324,127.40635,12,세종특별시
2026-06-21T14:05:05+09:00,ALPACA,424780,69.0,36.41326,127.406334,12,세종특별시
2026-06-21T14:05:05+09:00,ALPACA,414541,58.0,36.416164,127.3965,12,세종특별시
2026-06-21T14:05:05+09:00,ALPACA,424593,83.0,36.417976,127.39082,12,세종특별시
2026-06-21T14:05:05+09:00,ALPACA,425387,65.0,36.418247,127.39745,12,세종특별시
2026-06-21T14:05:05+09:00,ALPACA,414779,95.0,36.41845,127.39742,12,세종특별시
2026-06-21T14:05:05+09:00,ALPACA,424954,94.0,36.418774,127.40836,12,세종특별시
2026-06-21T14:05:05+09:00,ALPACA,414687,100.0,36.419006,127.387054,12,세종특별시
2026-06-21T14:05:05+09:00,ALPACA,414648,79.0,36.419205,127.38161,12,세종특별시
2026-06-21T14:05:05+09:00,ALPACA,414827,95.0,36.419476,127.41061,12,세종특별시
2026-06-21T14:05:05+09:00,ALPACA,424550,66.0,36.419666,127.39398,12,세종특별시
2026-06-21T14:05:05+09:00,ALPACA,425409,58.0,36.419746,127.40644,12,세종특별시
2026-06-21T14:05:05+09:00,ALPACA,425191,86.0,36.420033,127.38586,12,세종특별시
2026-06-21T14:05:05+09:00,ALPACA,414669,99.0,36.420067,127.39225,12,세종특별시
2026-06-21T14:05:05+09:00,ALPACA,414966,91.0,36.420147,127.39225,12,세종특별시
2026-06-21T14:05:05+09:00,ALPACA,415070,96.0,36.420494,127.39177,12,세종특별시
2026-06-21T14:05:05+09:00,ALPACA,424827,57.0,36.420643,127.38442,12,세종특별시
2026-06-21T14:05:05+09:00,ALPACA,425575,68.0,36.42106,127.38172,12,세종특별시
2026-06-21T14:05:05+09:00,ALPACA,414689,100.0,36.421383,127.39428,12,세종특별시
2026-06-21T14:05:05+09:00,ALPACA,414566,100.0,36.421726,127.394264,12,세종특별시
2026-06-21T14:05:05+09:00,ALPACA,414953,86.0,36.421738,127.39323,12,세종특별시
2026-06-21T14:05:05+09:00,ALPACA,424539,71.0,36.421803,127.40433,12,세종특별시
2026-06-21T14:05:05+09:00,ALPACA,425367,60.0,36.42183,127.40773,12,세종특별시
2026-06-21T14:05:05+09:00,ALPACA,425551,77.0,36.422134,127.39613,12,세종특별시
2026-06-21T14:05:05+09:00,ALPACA,414831,100.0,36.422195,127.38757,12,세종특별시
2026-06-21T14:05:05+09:00,ALPACA,414776,100.0,36.422256,127.387596,12,세종특별시
2026-06-21T14:05:05+09:00,ALPACA,414914,100.0,36.422268,127.38754,12,세종특별시
2026-06-21T14:05:05+09:00,ALPACA,411733,96.0,36.422504,127.407,12,세종특별시
2026-06-21T14:05:05+09:00,ALPACA,414823,93.0,36.422623,127.40054,12,세종특별시
2026-06-21T14:05:05+09:00,ALPACA,425494,61.0,36.422726,127.40008,12,세종특별시
2026-06-21T14:05:05+09:00,ALPACA,414268,64.0,36.422913,127.38895,12,세종특별시
2026-06-21T14:05:05+09:00,ALPACA,414821,89.0,36.423122,127.40594,12,세종특별시
2026-06-21T14:05:05+09:00,ALPACA,425236,100.0,36.423275,127.39275,12,세종특별시
2026-06-21T14:05:05+09:00,ALPACA,414732,100.0,36.42347,127.39226,12,세종특별시
2026-06-21T14:05:05+09:00,ALPACA,424825,96.0,36.42347,127.392265,12,세종특별시
2026-06-21T14:05:05+09:00,ALPACA,414937,73.0,36.42349,127.39224,12,세종특별시
2026-06-21T14:05:05+09:00,ALPACA,425711,68.0,36.42349,127.39227,12,세종특별시
2026-06-21T14:05:05+09:00,ALPACA,426257,100.0,36.42349,127.39225,12,세종특별시
2026-06-21T14:05:05+09:00,ALPACA,414830,79.0,36.423496,127.39229,12,세종특별시
2026-06-21T14:05:05+09:00,ALPACA,424816,100.0,36.423496,127.39228,12,세종특별시
2026-06-21T14:05:05+09:00,ALPACA,414753,97.0,36.42365,127.40516,12,세종특별시
2026-06-21T14:05:05+09:00,ALPACA,414533,93.0,36.42367,127.4053,12,세종특별시
2026-06-21T14:05:05+09:00,ALPACA,424583,81.0,36.423676,127.405205,12,세종특별시
2026-06-21T14:05:05+09:00,ALPACA,414651,90.0,36.423725,127.40488,12,세종특별시
2026-06-21T14:05:05+09:00,ALPACA,414767,63.0,36.424538,127.389465,12,세종특별시
2026-06-21T14:05:05+09:00,ALPACA,425734,100.0,36.42461,127.39297,12,세종특별시
2026-06-21T14:05:05+09:00,ALPACA,414754,57.0,36.424698,127.40046,12,세종특별시
2026-06-21T14:05:05+09:00,ALPACA,424116,67.0,36.42471,127.39227,12,세종특별시
2026-06-21T14:05:05+09:00,ALPACA,424555,81.0,36.425125,127.39005,12,세종특별시
2026-06-21T14:05:05+09:00,ALPACA,415078,95.0,36.425358,127.39216,12,세종특별시
2026-06-21T14:05:05+09:00,ALPACA,414284,95.0,36.425426,127.39216,12,세종특별시
2026-06-21T14:05:05+09:00,ALPACA,414481,53.0,36.425526,127.393074,12,세종특별시
2026-06-21T14:05:05+09:00,ALPACA,425467,59.0,36.42554,127.393005,12,세종특별시
2026-06-21T14:05:05+09:00,ALPACA,415586,52.0,36.425552,127.39418,12,세종특별시
2026-06-21T14:05:05+09:00,ALPACA,425510,60.0,36.42561,127.39305,12,세종특별시
2026-06-21T14:05:05+09:00,ALPACA,414681,77.0,36.42564,127.39891,12,세종특별시
2026-06-21T14:05:05+09:00,ALPACA,424586,48.0,36.42572,127.389824,12,세종특별시
2026-06-21T14:05:05+09:00,ALPACA,425412,62.0,36.4258,127.38987,12,세종특별시
2026-06-21T14:05:05+09:00,ALPACA,424442,67.0,36.426086,127.39168,12,세종특별시
2026-06-21T14:05:05+09:00,ALPACA,425348,100.0,36.4261,127.390884,12,세종특별시
2026-06-21T14:05:05+09:00,ALPACA,414539,51.0,36.426254,127.391335,12,세종특별시
2026-06-21T14:05:05+09:00,ALPACA,414790,92.0,36.426254,127.390465,12,세종특별시
2026-06-21T14:05:05+09:00,ALPACA,414375,100.0,36.426323,127.39255,12,세종특별시
2026-06-21T14:05:05+09:00,ALPACA,425148,100.0,36.426376,127.39363,12,세종특별시
2026-06-21T14:05:05+09:00,ALPACA,410295,100.0,36.426437,127.39041,12,세종특별시
2026-06-21T14:05:05+09:00,ALPACA,424942,95.0,36.42664,127.3903,12,세종특별시
2026-06-21T14:05:05+09:00,ALPACA,411692,92.0,36.426975,127.38953,12,세종특별시
2026-06-21T14:05:05+09:00,ALPACA,424938,100.0,36.427086,127.394066,12,세종특별시
2026-06-21T14:05:05+09:00,ALPACA,414915,79.0,36.427414,127.402504,12,세종특별시
2026-06-21T14:05:05+09:00,ALPACA,424443,65.0,36.427795,127.39089,12,세종특별시
2026-06-21T14:05:05+09:00,ALPACA,425306,76.0,36.428364,127.3985,12,세종특별시
2026-06-21T14:05:05+09:00,ALPACA,414731,100.0,36.428577,127.391426,12,세종특별시
2026-06-21T14:05:05+09:00,ALPACA,415221,60.0,36.428673,127.3916,12,세종특별시
2026-06-21T14:05:05+09:00,ALPACA,425087,70.0,36.42878,127.39551,12,세종특별시
2026-06-21T14:05:05+09:00,ALPACA,425253,92.0,36.428925,127.39552,12,세종특별시
2026-06-21T14:05:05+09:00,ALPACA,425021,100.0,36.428967,127.38932,12,세종특별시
2026-06-21T14:05:05+09:00,ALPACA,425226,86.0,36.429646,127.38841,12,세종특별시
2026-06-21T14:05:05+09:00,ALPACA,414653,81.0,36.429653,127.393234,12,세종특별시
2026-06-21T14:05:05+09:00,ALPACA,424649,90.0,36.42984,127.39624,12,세종특별시
2026-06-21T14:05:05+09:00,ALPACA,425275,98.0,36.43029,127.39371,12,세종특별시
2026-06-21T14:05:05+09:00,ALPACA,414763,81.0,36.430313,127.39371,12,세종특별시
2026-06-21T14:05:05+09:00,ALPACA,414304,70.0,36.43032,127.38999,12,세종특별시
2026-06-21T14:05:05+09:00,ALPACA,414730,100.0,36.43057,127.39298,12,세종특별시
2026-06-21T14:05:05+09:00,ALPACA,424601,62.0,36.43121,127.38357,12,세종특별시
2026-06-21T14:05:05+09:00,ALPACA,414308,86.0,36.431248,127.39436,12,세종특별시
2026-06-21T14:05:05+09:00,ALPACA,414931,97.0,36.431248,127.39438,12,세종특별시
2026-06-21T14:05:05+09:00,ALPACA,410334,49.0,36.431282,127.394485,12,세종특별시
2026-06-21T14:05:05+09:00,ALPACA,414704,100.0,36.431293,127.39335,12,세종특별시
2026-06-21T14:05:05+09:00,ALPACA,425453,88.0,36.431355,127.39758,12,세종특별시
2026-06-21T14:05:05+09:00,ALPACA,414543,96.0,36.431534,127.39754,12,세종특별시
2026-06-21T14:05:05+09:00,ALPACA,415427,70.0,36.431553,127.39399,12,세종특별시
2026-06-21T14:05:05+09:00,ALPACA,414728,89.0,36.431667,127.39372,12,세종특별시
2026-06-21T14:05:05+09:00,ALPACA,414765,52.0,36.43168,127.39379,12,세종특별시
2026-06-21T14:05:05+09:00,ALPACA,414676,57.0,36.431934,127.39356,12,세종특별시
2026-06-21T14:05:05+09:00,ALPACA,424768,100.0,36.432198,127.393135,12,세종특별시
2026-06-21T14:05:05+09:00,ALPACA,425110,100.0,36.432365,127.39407,12,세종특별시
2026-06-21T14:05:05+09:00,ALPACA,414775,100.0,36.43237,127.39418,12,세종특별시
2026-06-21T14:05:05+09:00,ALPACA,414558,99.0,36.43239,127.38155,12,세종특별시
2026-06-21T14:05:05+09:00,ALPACA,424434,52.0,36.432396,127.38414,12,세종특별시
2026-06-21T14:05:05+09:00,ALPACA,414738,53.0,36.43243,127.39408,12,세종특별시
2026-06-21T14:05:05+09:00,ALPACA,414774,80.0,36.4326,127.38414,12,세종특별시
2026-06-21T14:05:05+09:00,ALPACA,414746,64.0,36.43275,127.39161,12,세종특별시
2026-06-21T14:05:05+09:00,ALPACA,414737,51.0,36.432827,127.394516,12,세종특별시
2026-06-21T14:05:05+09:00,ALPACA,414679,100.0,36.43294,127.38458,12,세종특별시
2026-06-21T14:05:05+09:00,ALPACA,425183,97.0,36.43316,127.38392,12,세종특별시
2026-06-21T14:05:05+09:00,ALPACA,425417,91.0,36.433212,127.384415,12,세종특별시
2026-06-21T14:05:05+09:00,ALPACA,415275,100.0,36.43347,127.382935,12,세종특별시
2026-06-21T14:05:05+09:00,ALPACA,414654,100.0,36.433575,127.38274,12,세종특별시
2026-06-21T14:05:05+09:00,ALPACA,424820,100.0,36.43375,127.385925,12,세종특별시
2026-06-21T14:05:05+09:00,ALPACA,414677,94.0,36.43431,127.385216,12,세종특별시
2026-06-21T14:05:05+09:00,ALPACA,424917,99.0,36.434444,127.392876,12,세종특별시
2026-06-21T14:05:05+09:00,ALPACA,426235,94.0,36.434452,127.40869,12,세종특별시
2026-06-21T14:05:05+09:00,ALPACA,414416,100.0,36.434555,127.38898,12,세종특별시
2026-06-21T14:05:05+09:00,ALPACA,415253,61.0,36.434692,127.38795,12,세종특별시
2026-06-21T14:05:05+09:00,ALPACA,414513,99.0,36.434956,127.39313,12,세종특별시
2026-06-21T14:05:05+09:00,ALPACA,425479,87.0,36.435455,127.403046,12,세종특별시
2026-06-21T14:05:05+09:00,ALPACA,414696,96.0,36.435905,127.403885,12,세종특별시
2026-06-21T14:05:05+09:00,ALPACA,414503,54.0,36.435974,127.40406,12,세종특별시
2026-06-21T14:05:05+09:00,ALPACA,414839,100.0,36.436565,127.389275,12,세종특별시
2026-06-21T14:05:05+09:00,ALPACA,415470,87.0,36.436783,127.3813,12,세종특별시
2026-06-21T14:05:05+09:00,ALPACA,426234,83.0,36.436787,127.38891,12,세종특별시
2026-06-21T14:05:05+09:00,ALPACA,426484,100.0,36.43732,127.388435,12,세종특별시
2026-06-21T14:05:05+09:00,ALPACA,426256,82.0,36.437454,127.388435,12,세종특별시
2026-06-21T14:05:05+09:00,ALPACA,414948,94.0,36.438084,127.39494,12,세종특별시
2026-06-21T14:05:05+09:00,ALPACA,426305,69.0,36.438095,127.381996,12,세종특별시
2026-06-21T14:05:05+09:00,ALPACA,414912,100.0,36.438103,127.38237,12,세종특별시
2026-06-21T14:05:05+09:00,ALPACA,414759,100.0,36.43812,127.3815,12,세종특별시
2026-06-21T14:05:05+09:00,ALPACA,414794,80.0,36.43812,127.38202,12,세종특별시
2026-06-21T14:05:05+09:00,ALPACA,414943,100.0,36.43813,127.38232,12,세종특별시
2026-06-21T14:05:05+09:00,ALPACA,424760,100.0,36.43815,127.38154,12,세종특별시
2026-06-21T14:05:05+09:00,ALPACA,415516,76.0,36.438152,127.38194,12,세종특별시
2026-06-21T14:05:05+09:00,ALPACA,414706,79.0,36.438187,127.382065,12,세종특별시
2026-06-21T14:05:05+09:00,ALPACA,414684,97.0,36.43893,127.39512,12,세종특별시
2026-06-21T14:05:05+09:00,ALPACA,414532,57.0,36.43929,127.38143,12,세종특별시
2026-06-21T14:05:05+09:00,ALPACA,415439,100.0,36.439877,127.38223,12,세종특별시
2026-06-21T14:05:05+09:00,ALPACA,424542,90.0,36.439896,127.38476,12,세종특별시
2026-06-21T14:05:05+09:00,ALPACA,424564,58.0,36.440174,127.38336,12,세종특별시
2026-06-21T14:05:05+09:00,ALPACA,424719,100.0,36.440266,127.38345,12,세종특별시
2026-06-21T14:05:05+09:00,ALPACA,424382,54.0,36.44033,127.38437,12,세종특별시
2026-06-21T14:05:05+09:00,ALPACA,425193,62.0,36.44123,127.38599,12,세종특별시
2026-06-21T14:05:05+09:00,ALPACA,414659,45.0,36.441647,127.399925,12,세종특별시
2026-06-21T14:05:05+09:00,ALPACA,414644,32.0,36.444366,127.41042,12,세종특별시
2026-06-21T14:05:05+09:00,ALPACA,414724,63.0,36.445915,127.41399,12,세종특별시
2026-06-21T14:05:05+09:00,ALPACA,425712,67.0,36.445957,127.405624,12,세종특별시
2026-06-21T14:05:05+09:00,ALPACA,425384,68.0,36.447025,127.40838,12,세종특별시
2026-06-21T14:05:05+09:00,ALPACA,415049,49.0,36.448135,127.42335,12,세종특별시
2026-06-21T14:05:05+09:00,ALPACA,414760,38.0,36.449184,127.41195,12,세종특별시
2026-06-21T14:05:05+09:00,ALPACA,424455,43.0,36.450794,127.432045,12,세종특별시
2026-06-21T14:05:05+09:00,ALPACA,424792,36.0,36.45336,127.423874,12,세종특별시
2026-06-21T14:05:05+09:00,ALPACA,422610,69.0,36.58649,127.294586,12,세종특별시
2026-06-21T14:05:05+09:00,ALPACA,422236,78.0,36.588135,127.28902,12,세종특별시
2026-06-21T14:05:05+09:00,ALPACA,422154,100.0,36.588425,127.29001,12,세종특별시
2026-06-21T14:05:05+09:00,ALPACA,421288,100.0,36.588444,127.290054,12,세종특별시
2026-06-21T14:05:05+09:00,ALPACA,414865,100.0,36.590813,127.29184,12,세종특별시
2026-06-21T14:05:05+09:00,ALPACA,422500,100.0,36.590828,127.291824,12,세종특별시
2026-06-21T14:05:05+09:00,ALPACA,422087,100.0,36.59086,127.29185,12,세종특별시
2026-06-21T14:05:05+09:00,ALPACA,422425,89.0,36.590874,127.29187,12,세종특별시
2026-06-21T14:05:05+09:00,ALPACA,422363,100.0,36.590958,127.29519,12,세종특별시
2026-06-21T14:05:05+09:00,ALPACA,422600,74.0,36.59098,127.29518,12,세종특별시
2026-06-21T14:05:05+09:00,ALPACA,421876,85.0,36.590992,127.2952,12,세종특별시
2026-06-21T14:05:05+09:00,ALPACA,422397,89.0,36.592003,127.29626,12,세종특별시
2026-06-21T14:05:05+09:00,ALPACA,422249,83.0,36.592037,127.29636,12,세종특별시
2026-06-21T14:05:05+09:00,ALPACA,422376,100.0,36.592087,127.29632,12,세종특별시
2026-06-21T14:05:05+09:00,ALPACA,421720,100.0,36.593098,127.28476,12,세종특별시
2026-06-21T14:05:05+09:00,ALPACA,422047,100.0,36.5931,127.284775,12,세종특별시
2026-06-21T14:05:05+09:00,ALPACA,422220,100.0,36.593105,127.28477,12,세종특별시
2026-06-21T14:05:05+09:00,ALPACA,414795,93.0,36.593204,127.28924,12,세종특별시
2026-06-21T14:05:05+09:00,ALPACA,422434,93.0,36.59417,127.30133,12,세종특별시
2026-06-21T14:05:05+09:00,ALPACA,422562,93.0,36.59511,127.28873,12,세종특별시
2026-06-21T14:05:05+09:00,ALPACA,422379,100.0,36.59515,127.28925,12,세종특별시
2026-06-21T14:05:05+09:00,ALPACA,422393,100.0,36.59518,127.289215,12,세종특별시
2026-06-21T14:05:05+09:00,ALPACA,410262,100.0,36.595184,127.28924,12,세종특별시
2026-06-21T14:05:05+09:00,ALPACA,422023,75.0,36.59577,127.289406,12,세종특별시
2026-06-21T14:05:05+09:00,ALPACA,422491,78.0,36.596176,127.29575,12,세종특별시
2026-06-21T14:05:05+09:00,ALPACA,421904,100.0,36.59622,127.29577,12,세종특별시
2026-06-21T14:05:05+09:00,ALPACA,422567,100.0,36.59646,127.28842,12,세종특별시
2026-06-21T14:05:05+09:00,ALPACA,422125,73.0,36.59647,127.2884,12,세종특별시
2026-06-21T14:05:05+09:00,ALPACA,422414,81.0,36.596535,127.30081,12,세종특별시
2026-06-21T14:05:05+09:00,ALPACA,421733,74.0,36.597267,127.29874,12,세종특별시
2026-06-21T14:05:05+09:00,ALPACA,422338,88.0,36.597286,127.29744,12,세종특별시
2026-06-21T14:05:05+09:00,ALPACA,422449,55.0,36.599773,127.29535,12,세종특별시
2026-06-21T14:05:05+09:00,ALPACA,422228,73.0,36.600174,127.294624,12,세종특별시
2026-06-21T14:05:05+09:00,ALPACA,422136,100.0,36.601013,127.29504,12,세종특별시
2026-06-21T14:05:05+09:00,ALPACA,422350,81.0,36.60106,127.29497,12,세종특별시
2026-06-21T14:05:05+09:00,ALPACA,422701,100.0,36.601227,127.29114,12,세종특별시
2026-06-21T14:05:05+09:00,ALPACA,422467,100.0,36.60136,127.2885,12,세종특별시
2026-06-21T14:05:05+09:00,ALPACA,410385,85.0,36.601765,127.28865,12,세종특별시
2026-06-21T14:05:05+09:00,ALPACA,422265,100.0,36.60182,127.290085,12,세종특별시
2026-06-21T14:05:05+09:00,ALPACA,422258,97.0,36.601833,127.29012,12,세종특별시
2026-06-21T14:05:05+09:00,ALPACA,422566,81.0,36.60185,127.294945,12,세종특별시
2026-06-21T14:05:05+09:00,ALPACA,421703,100.0,36.601852,127.2901,12,세종특별시
2026-06-21T14:05:05+09:00,ALPACA,422446,91.0,36.602337,127.29036,12,세종특별시
2026-06-21T14:05:05+09:00,ALPACA,422306,73.0,36.60238,127.28648,12,세종특별시
2026-06-21T14:05:05+09:00,ALPACA,422138,100.0,36.602406,127.29489,12,세종특별시
2026-06-21T14:05:05+09:00,ALPACA,422571,100.0,36.603333,127.29134,12,세종특별시
2026-06-21T14:05:05+09:00,ALPACA,422387,90.0,36.60345,127.30732,12,세종특별시
2026-06-21T14:05:05+09:00,ALPACA,418661,90.0,36.603523,127.29319,12,세종특별시
2026-06-21T14:05:05+09:00,ALPACA,422399,100.0,36.603596,127.29317,12,세종특별시
2026-06-21T14:05:05+09:00,ALPACA,422203,100.0,36.603607,127.29011,12,세종특별시
2026-06-21T14:05:05+09:00,ALPACA,421775,70.0,36.60373,127.29318,12,세종특별시
2026-06-21T14:05:05+09:00,ALPACA,422364,71.0,36.603767,127.29316,12,세종특별시
2026-06-21T14:05:05+09:00,ALPACA,421566,86.0,36.603878,127.29712,12,세종특별시
2026-06-21T14:05:05+09:00,ALPACA,422303,100.0,36.604046,127.297485,12,세종특별시
2026-06-21T14:05:05+09:00,ALPACA,422075,91.0,36.60406,127.29753,12,세종특별시
2026-06-21T14:05:05+09:00,ALPACA,422344,100.0,36.604065,127.29751,12,세종특별시
2026-06-21T14:05:05+09:00,ALPACA,422246,100.0,36.604084,127.297516,12,세종특별시
2026-06-21T14:05:05+09:00,ALPACA,422484,62.0,36.6041,127.297516,12,세종특별시
2026-06-21T14:05:05+09:00,ALPACA,421987,100.0,36.60448,127.292564,12,세종특별시
2026-06-21T14:05:05+09:00,ALPACA,422337,80.0,36.60455,127.29248,12,세종특별시
2026-06-21T14:05:05+09:00,ALPACA,421831,41.0,36.60456,127.29253,12,세종특별시
2026-06-21T14:05:05+09:00,ALPACA,422248,64.0,36.604572,127.2925,12,세종특별시
2026-06-21T14:05:05+09:00,ALPACA,422173,95.0,36.605038,127.293236,12,세종특별시
2026-06-21T14:05:05+09:00,ALPACA,422452,100.0,36.60527,127.29278,12,세종특별시
2026-06-21T14:05:05+09:00,ALPACA,422282,71.0,36.605328,127.29324,12,세종특별시
2026-06-21T14:05:05+09:00,ALPACA,422458,75.0,36.60533,127.29211,12,세종특별시
2026-06-21T14:05:05+09:00,ALPACA,422396,100.0,36.605366,127.29211,12,세종특별시
2026-06-21T14:05:05+09:00,ALPACA,422435,73.0,36.605366,127.29209,12,세종특별시
2026-06-21T14:05:05+09:00,ALPACA,422699,100.0,36.605373,127.29213,12,세종특별시
2026-06-21T14:05:05+09:00,ALPACA,422025,100.0,36.605587,127.297226,12,세종특별시
2026-06-21T14:05:05+09:00,ALPACA,422413,100.0,36.60559,127.29723,12,세종특별시
2026-06-21T14:05:05+09:00,ALPACA,422406,100.0,36.6056,127.29729,12,세종특별시
2026-06-21T14:05:05+09:00,ALPACA,422238,79.0,36.606304,127.29312,12,세종특별시
2026-06-21T14:05:05+09:00,ALPACA,422324,84.0,36.606316,127.2878,12,세종특별시
2026-06-21T14:05:05+09:00,ALPACA,422522,74.0,36.606323,127.29306,12,세종특별시
2026-06-21T14:05:05+09:00,ALPACA,422884,93.0,36.606495,127.29192,12,세종특별시
2026-06-21T14:05:05+09:00,ALPACA,422336,34.0,36.60691,127.289345,12,세종특별시
2026-06-21T14:05:05+09:00,ALPACA,412614,54.0,36.608784,127.29224,12,세종특별시
2026-06-21T14:05:05+09:00,ALPACA,422463,45.0,36.60894,127.28361,12,세종특별시
2026-06-21T14:05:05+09:00,ALPACA,422322,94.0,36.608997,127.28384,12,세종특별시
2026-06-21T14:05:05+09:00,ALPACA,422175,40.0,36.60901,127.28372,12,세종특별시
2026-06-21T14:05:05+09:00,ALPACA,422465,57.0,36.609043,127.283714,12,세종특별시
2026-06-21T14:05:05+09:00,ALPACA,422620,94.0,36.609062,127.28379,12,세종특별시
2026-06-21T14:05:05+09:00,ALPACA,422559,83.0,36.609077,127.283806,12,세종특별시
2026-06-21T14:05:05+09:00,ALPACA,412597,87.0,36.6091,127.28372,12,세종특별시
2026-06-21T14:05:05+09:00,ALPACA,422576,60.0,36.6091,127.2837,12,세종특별시
2026-06-21T14:05:05+09:00,ALPACA,422720,62.0,36.60919,127.28498,12,세종특별시
2026-06-21T14:05:05+09:00,ALPACA,422607,46.0,36.6092,127.29094,12,세종특별시
2026-06-21T14:05:05+09:00,ALPACA,418665,98.0,36.609303,127.28459,12,세종특별시
2026-06-21T14:05:05+09:00,ALPACA,422432,57.0,36.609337,127.28333,12,세종특별시
2026-06-21T14:05:05+09:00,ALPACA,422560,74.0,36.609386,127.286194,12,세종특별시
2026-06-21T14:05:05+09:00,ALPACA,421025,61.0,36.60967,127.28503,12,세종특별시
2026-06-21T14:05:05+09:00,ALPACA,422502,36.0,36.60986,127.28495,12,세종특별시
2026-06-21T14:05:05+09:00,ALPACA,422439,66.0,36.61011,127.284966,12,세종특별시
2026-06-21T14:05:05+09:00,ALPACA,422205,100.0,36.610172,127.29321,12,세종특별시
2026-06-21T14:05:05+09:00,ALPACA,422499,91.0,36.610237,127.28474,12,세종특별시
2026-06-21T14:05:05+09:00,ALPACA,422378,75.0,36.610306,127.296616,12,세종특별시
2026-06-21T14:05:05+09:00,ALPACA,422703,85.0,36.61031,127.29676,12,세종특별시
2026-06-21T14:05:05+09:00,ALPACA,421725,100.0,36.61032,127.29676,12,세종특별시
2026-06-21T14:05:05+09:00,ALPACA,422226,93.0,36.610325,127.28631,12,세종특별시
2026-06-21T14:05:05+09:00,ALPACA,422556,100.0,36.610325,127.29679,12,세종특별시
2026-06-21T14:05:05+09:00,ALPACA,422430,94.0,36.610447,127.2932,12,세종특별시
2026-06-21T14:05:05+09:00,ALPACA,422184,70.0,36.61051,127.2871,12,세종특별시
2026-06-21T14:05:05+09:00,ALPACA,422420,73.0,36.610695,127.293465,12,세종특별시
2026-06-21T14:05:05+09:00,ALPACA,422394,80.0,36.61074,127.29136,12,세종특별시
2026-06-21T14:05:05+09:00,ALPACA,422181,66.0,36.610786,127.29172,12,세종특별시
2026-06-21T14:05:05+09:00,ALPACA,422128,79.0,36.610897,127.288284,12,세종특별시
2026-06-21T14:05:05+09:00,ALPACA,422770,52.0,36.610916,127.29091,12,세종특별시
2026-06-21T14:05:05+09:00,ALPACA,421741,100.0,36.610943,127.29311,12,세종특별시
2026-06-21T14:05:05+09:00,ALPACA,422180,99.0,36.610947,127.28872,12,세종특별시
2026-06-21T14:05:05+09:00,ALPACA,422143,64.0,36.610985,127.28645,12,세종특별시
2026-06-21T14:05:05+09:00,ALPACA,422291,74.0,36.611,127.28635,12,세종특별시
2026-06-21T14:05:05+09:00,ALPACA,422468,100.0,36.61101,127.28643,12,세종특별시
2026-06-21T14:05:05+09:00,ALPACA,422147,68.0,36.61102,127.28641,12,세종특별시
2026-06-21T14:05:05+09:00,ALPACA,422328,38.0,36.61106,127.29008,12,세종특별시
2026-06-21T14:05:05+09:00,ALPACA,422450,30.0,36.611088,127.2864,12,세종특별시
2026-06-21T14:05:05+09:00,ALPACA,422130,47.0,36.611103,127.28619,12,세종특별시
2026-06-21T14:05:05+09:00,ALPACA,422391,100.0,36.611156,127.29014,12,세종특별시
2026-06-21T14:05:05+09:00,ALPACA,422472,94.0,36.61116,127.28979,12,세종특별시
2026-06-21T14:05:05+09:00,ALPACA,422426,77.0,36.611164,127.29007,12,세종특별시
2026-06-21T14:05:05+09:00,ALPACA,422384,47.0,36.61117,127.29002,12,세종특별시
2026-06-21T14:05:05+09:00,ALPACA,422178,39.0,36.611176,127.28975,12,세종특별시
2026-06-21T14:05:05+09:00,ALPACA,422028,85.0,36.611187,127.29089,12,세종특별시
2026-06-21T14:05:05+09:00,ALPACA,422697,37.0,36.611225,127.28979,12,세종특별시
2026-06-21T14:05:05+09:00,ALPACA,422480,87.0,36.61125,127.28734,12,세종특별시
2026-06-21T14:05:05+09:00,ALPACA,412728,54.0,36.61128,127.28816,12,세종특별시
2026-06-21T14:05:05+09:00,ALPACA,421740,94.0,36.611286,127.29007,12,세종특별시
2026-06-21T14:05:05+09:00,ALPACA,422456,79.0,36.611317,127.28831,12,세종특별시
2026-06-21T14:05:05+09:00,ALPACA,422776,41.0,36.61132,127.288216,12,세종특별시
2026-06-21T14:05:05+09:00,ALPACA,422395,94.0,36.611336,127.28808,12,세종특별시
2026-06-21T14:05:05+09:00,ALPACA,421979,98.0,36.611347,127.288185,12,세종특별시
2026-06-21T14:05:05+09:00,ALPACA,422270,76.0,36.61135,127.288124,12,세종특별시
2026-06-21T14:05:05+09:00,ALPACA,421907,99.0,36.611355,127.28818,12,세종특별시
2026-06-21T14:05:05+09:00,ALPACA,422505,59.0,36.611355,127.288216,12,세종특별시
2026-06-21T14:05:05+09:00,ALPACA,422253,98.0,36.611366,127.28825,12,세종특별시
2026-06-21T14:05:05+09:00,ALPACA,421889,73.0,36.611374,127.28744,12,세종특별시
2026-06-21T14:05:05+09:00,ALPACA,422359,95.0,36.611374,127.28823,12,세종특별시
2026-06-21T14:05:05+09:00,ALPACA,422264,95.0,36.61138,127.28822,12,세종특별시
2026-06-21T14:05:05+09:00,ALPACA,422244,47.0,36.6114,127.28746,12,세종특별시
2026-06-21T14:05:05+09:00,ALPACA,422730,74.0,36.61144,127.287445,12,세종특별시
2026-06-21T14:05:05+09:00,ALPACA,422277,99.0,36.611454,127.28744,12,세종특별시
2026-06-21T14:05:05+09:00,ALPACA,422131,88.0,36.611458,127.28745,12,세종특별시
2026-06-21T14:05:05+09:00,ALPACA,422107,43.0,36.611633,127.287544,12,세종특별시
2026-06-21T14:05:05+09:00,ALPACA,422339,32.0,36.611954,127.2846,12,세종특별시
2026-06-21T14:05:05+09:00,ALPACA,422709,86.0,36.613125,127.29592,12,세종특별시
2026-06-21T14:05:05+09:00,ALPACA,422386,86.0,36.613197,127.29332,12,세종특별시
2026-06-21T14:05:05+09:00,ALPACA,422103,100.0,36.613853,127.31,12,세종특별시
2026-06-21T14:05:05+09:00,ALPACA,418558,100.0,36.613876,127.309975,12,세종특별시
2026-06-21T14:05:05+09:00,ALPACA,422168,73.0,36.61406,127.28906,12,세종특별시
2026-06-21T14:05:05+09:00,ALPACA,422371,62.0,36.61409,127.28907,12,세종특별시
2026-06-21T14:05:05+09:00,ALPACA,422335,100.0,36.614174,127.28884,12,세종특별시
2026-06-21T14:05:05+09:00,ALPACA,422367,100.0,36.614174,127.2888,12,세종특별시
2026-06-21T14:05:05+09:00,ALPACA,422207,95.0,36.61456,127.30835,12,세종특별시
2026-06-21T14:05:05+09:00,ALPACA,422242,77.0,36.614662,127.3059,12,세종특별시
2026-06-21T14:05:05+09:00,ALPACA,422603,100.0,36.614918,127.28499,12,세종특별시
2026-06-21T14:05:05+09:00,ALPACA,422358,75.0,36.615963,127.286064,12,세종특별시
2026-06-21T14:05:05+09:00,ALPACA,422086,76.0,36.61633,127.31405,12,세종특별시
2026-06-21T14:05:05+09:00,ALPACA,422185,100.0,36.618057,127.288795,12,세종특별시
2026-06-21T14:05:05+09:00,ALPACA,422296,87.0,36.6188,127.32029,12,세종특별시
2026-06-21T14:05:05+09:00,ALPACA,410365,76.0,36.618816,127.29082,12,세종특별시
2026-06-21T14:05:05+09:00,ALPACA,422176,100.0,36.61898,127.28855,12,세종특별시
2026-06-21T14:05:05+09:00,ALPACA,422243,75.0,36.619553,127.309944,12,세종특별시
2026-06-21T14:05:05+09:00,ALPACA,421998,82.0,36.620438,127.32027,12,세종특별시
2026-06-21T14:05:05+09:00,ALPACA,422039,70.0,36.620907,127.28249,12,세종특별시
2026-06-21T14:05:05+09:00,ALPACA,422705,93.0,36.62092,127.28246,12,세종특별시
2026-06-21T14:05:05+09:00,ALPACA,422357,82.0,36.621124,127.30795,12,세종특별시
2026-06-21T14:05:05+09:00,ALPACA,422333,97.0,36.62135,127.29062,12,세종특별시
2026-06-21T14:05:05+09:00,ALPACA,422509,68.0,36.621548,127.28891,12,세종특별시
2026-06-21T14:05:05+09:00,ALPACA,422469,73.0,36.6216,127.30235,12,세종특별시
2026-06-21T14:05:05+09:00,ALPACA,422309,92.0,36.621677,127.28371,12,세종특별시
2026-06-21T14:05:05+09:00,ALPACA,422329,97.0,36.621685,127.28388,12,세종특별시
2026-06-21T14:05:05+09:00,ALPACA,421908,99.0,36.62169,127.28588,12,세종특별시
2026-06-21T14:05:05+09:00,ALPACA,422141,69.0,36.621693,127.28588,12,세종특별시
2026-06-21T14:05:05+09:00,ALPACA,422299,79.0,36.621696,127.28384,12,세종특별시
2026-06-21T14:05:05+09:00,ALPACA,421186,85.0,36.62171,127.28384,12,세종특별시
2026-06-21T14:05:05+09:00,ALPACA,422568,98.0,36.621758,127.283844,12,세종특별시
2026-06-21T14:05:05+09:00,ALPACA,422148,81.0,36.62177,127.28556,12,세종특별시
2026-06-21T14:05:05+09:00,ALPACA,422251,41.0,36.62178,127.326614,12,세종특별시
2026-06-21T14:05:05+09:00,ALPACA,422580,99.0,36.621788,127.28554,12,세종특별시
2026-06-21T14:05:05+09:00,ALPACA,422702,52.0,36.621857,127.32653,12,세종특별시
2026-06-21T14:05:05+09:00,ALPACA,421945,47.0,36.621864,127.304695,12,세종특별시
2026-06-21T14:05:05+09:00,ALPACA,422304,97.0,36.623657,127.28743,12,세종특별시
2026-06-21T14:05:05+09:00,ALPACA,422211,82.0,36.623665,127.28685,12,세종특별시
2026-06-21T14:05:05+09:00,ALPACA,422212,66.0,36.623714,127.286835,12,세종특별시
2026-06-21T14:05:05+09:00,ALPACA,422507,87.0,36.62377,127.325096,12,세종특별시
2026-06-21T14:05:05+09:00,ALPACA,422403,97.0,36.62414,127.32578,12,세종특별시
2026-06-21T14:05:05+09:00,ALPACA,422440,86.0,36.626568,127.33195,12,세종특별시
2026-06-21T14:05:05+09:00,ALPACA,413919,54.0,36.62669,127.33202,12,세종특별시
2026-06-21T14:05:05+09:00,ALPACA,422412,58.0,36.62692,127.323326,12,세종특별시
2026-06-21T14:05:05+09:00,ALPACA,422372,92.0,36.627663,127.32866,12,세종특별시
2026-06-21T14:05:05+09:00,ALPACA,422622,61.0,36.627975,127.33185,12,세종특별시
2026-06-21T14:05:05+09:00,ALPACA,422382,81.0,36.628136,127.332634,12,세종특별시
2026-06-21T14:05:05+09:00,ALPACA,422194,72.0,36.629448,127.33293,12,세종특별시
2026-06-21T14:05:05+09:00,ALPACA,422575,98.0,36.63005,127.333046,12,세종특별시
2026-06-21T14:05:05+09:00,ALPACA,422121,98.0,36.63006,127.33041,12,세종특별시
2026-06-21T14:05:05+09:00,ALPACA,422297,97.0,36.630157,127.33284,12,세종특별시
2026-06-21T14:05:05+09:00,ALPACA,422528,47.0,36.63016,127.329994,12,세종특별시
2026-06-21T14:05:05+09:00,ALPACA,421994,100.0,36.630173,127.33289,12,세종특별시
2026-06-21T14:05:05+09:00,ALPACA,410342,97.0,36.630188,127.33287,12,세종특별시
2026-06-21T14:05:05+09:00,ALPACA,422188,59.0,36.630276,127.33359,12,세종특별시
2026-06-21T14:05:05+09:00,ALPACA,422486,55.0,36.630577,127.33085,12,세종특별시
2026-06-21T14:05:05+09:00,ALPACA,422408,57.0,36.630856,127.32952,12,세종특별시
2026-06-21T14:05:05+09:00,ALPACA,422278,70.0,36.630898,127.33079,12,세종특별시
2026-06-21T14:05:05+09:00,ALPACA,422316,94.0,36.631054,127.32807,12,세종특별시
2026-06-21T14:05:05+09:00,ALPACA,422427,48.0,36.631268,127.319305,12,세종특별시
2026-06-21T14:05:05+09:00,ALPACA,422126,93.0,36.6313,127.328636,12,세종특별시
2026-06-21T14:05:05+09:00,ALPACA,422431,57.0,36.63147,127.328804,12,세종특별시
2026-06-21T14:05:05+09:00,ALPACA,416273,77.0,36.631496,127.32945,12,세종특별시
2026-06-21T14:05:05+09:00,ALPACA,422032,63.0,36.631508,127.319214,12,세종특별시
2026-06-21T14:05:05+09:00,ALPACA,422161,86.0,36.631527,127.31919,12,세종특별시
2026-06-21T14:05:05+09:00,ALPACA,422049,84.0,36.63154,127.32607,12,세종특별시
2026-06-21T14:05:05+09:00,ALPACA,421772,91.0,36.6316,127.32905,12,세종특별시
2026-06-21T14:05:05+09:00,ALPACA,422552,100.0,36.631626,127.33032,12,세종특별시
2026-06-21T14:05:05+09:00,ALPACA,422691,75.0,36.63166,127.319824,12,세종특별시
2026-06-21T14:05:05+09:00,ALPACA,422164,89.0,36.631817,127.330444,12,세종특별시
2026-06-21T14:05:05+09:00,ALPACA,422365,78.0,36.632095,127.3274,12,세종특별시
2026-06-21T14:05:05+09:00,ALPACA,422534,63.0,36.63249,127.32635,12,세종특별시
2026-06-21T14:05:05+09:00,ALPACA,422402,87.0,36.632725,127.33509,12,세종특별시
2026-06-21T14:05:05+09:00,ALPACA,422558,98.0,36.63276,127.33506,12,세종특별시
2026-06-21T14:05:05+09:00,ALPACA,422334,72.0,36.632767,127.33112,12,세종특별시
2026-06-21T14:05:05+09:00,ALPACA,422375,70.0,36.632843,127.32338,12,세종특별시
2026-06-21T14:05:05+09:00,ALPACA,422034,71.0,36.632965,127.31423,12,세종특별시
2026-06-21T14:05:05+09:00,ALPACA,422625,100.0,36.633327,127.32107,12,세종특별시
2026-06-21T14:05:05+09:00,ALPACA,422536,100.0,36.633335,127.32108,12,세종특별시
2026-06-21T14:05:05+09:00,ALPACA,422604,100.0,36.633335,127.32109,12,세종특별시
2026-06-21T14:05:05+09:00,ALPACA,419034,97.0,36.633343,127.32108,12,세종특별시
2026-06-21T14:05:05+09:00,ALPACA,422535,95.0,36.633766,127.32904,12,세종특별시
2026-06-21T14:05:05+09:00,ALPACA,422498,77.0,36.635105,127.32707,12,세종특별시
2026-06-21T14:05:05+09:00,ALPACA,422389,95.0,36.635406,127.32625,12,세종특별시
2026-06-21T14:05:05+09:00,ALPACA,421739,76.0,36.635544,127.33448,12,세종특별시
2026-06-21T14:05:05+09:00,ALPACA,422538,43.0,36.63556,127.32583,12,세종특별시
2026-06-21T14:05:05+09:00,ALPACA,422142,81.0,36.63571,127.33876,12,세종특별시
2026-06-21T14:05:05+09:00,ALPACA,422256,63.0,36.635918,127.317535,12,세종특별시
2026-06-21T14:05:05+09:00,ALPACA,422122,61.0,36.63613,127.32849,12,세종특별시
2026-06-21T14:05:05+09:00,ALPACA,421718,100.0,36.63657,127.322876,12,세종특별시
2026-06-21T14:05:05+09:00,ALPACA,422629,100.0,36.636574,127.32278,12,세종특별시
2026-06-21T14:05:05+09:00,ALPACA,422189,63.0,36.636612,127.322685,12,세종특별시
2026-06-21T14:05:05+09:00,ALPACA,422574,72.0,36.63713,127.325294,12,세종특별시
2026-06-21T14:05:05+09:00,ALPACA,422259,90.0,36.63718,127.32534,12,세종특별시
2026-06-21T14:05:05+09:00,ALPACA,422102,100.0,36.637207,127.3253,12,세종특별시
2026-06-21T14:05:05+09:00,ALPACA,422101,88.0,36.63721,127.329155,12,세종특별시
2026-06-21T14:05:05+09:00,ALPACA,418277,70.0,36.637234,127.328835,12,세종특별시
2026-06-21T14:05:05+09:00,ALPACA,422381,75.0,36.63725,127.328835,12,세종특별시
2026-06-21T14:05:05+09:00,ALPACA,422213,44.0,36.637257,127.32913,12,세종특별시
2026-06-21T14:05:05+09:00,ALPACA,421950,66.0,36.637943,127.328064,12,세종특별시
2026-06-21T14:05:05+09:00,ALPACA,422352,58.0,36.638725,127.31696,12,세종특별시
2026-06-21T14:05:05+09:00,ALPACA,422355,73.0,36.638966,127.334236,12,세종특별시
2026-06-21T14:05:05+09:00,ALPACA,422692,89.0,36.63899,127.33424,12,세종특별시
2026-06-21T14:05:05+09:00,ALPACA,422172,98.0,36.639,127.33427,12,세종특별시
2026-06-21T14:05:05+09:00,ALPACA,416786,100.0,36.639015,127.33428,12,세종특별시
2026-06-21T14:05:05+09:00,ALPACA,422573,100.0,36.639023,127.33424,12,세종특별시
2026-06-21T14:05:05+09:00,ALPACA,422496,84.0,36.639687,127.346886,12,세종특별시
2026-06-21T14:05:05+09:00,ALPACA,422388,73.0,36.641624,127.33624,12,세종특별시
2026-06-21T14:05:05+09:00,ALPACA,422326,82.0,36.642715,127.34169,12,세종특별시
2026-06-21T14:05:05+09:00,ALPACA,419832,96.0,36.643394,127.341896,12,세종특별시
2026-06-21T14:05:05+09:00,ALPACA,422362,84.0,36.643646,127.336334,12,세종특별시
2026-06-21T14:05:05+09:00,ALPACA,422455,93.0,36.644646,127.332825,12,세종특별시
2026-06-21T14:05:05+09:00,GBIKE,346764,100.0,36.440763,127.224465,12,세종특별시
2026-06-21T14:05:05+09:00,GBIKE,634021,39.0,36.441036,127.367041,12,세종특별시
2026-06-21T14:05:05+09:00,GBIKE,635594,52.0,36.442144,127.209808,12,세종특별시
2026-06-21T14:05:05+09:00,GBIKE,131111,81.0,36.445678,127.210725,12,세종특별시
2026-06-21T14:05:05+09:00,GBIKE,353074,100.0,36.447178,127.36564,12,세종특별시
2026-06-21T14:05:05+09:00,GBIKE,374180,30.0,36.447548,127.228638,12,세종특별시
2026-06-21T14:05:05+09:00,GBIKE,372222,85.0,36.451356,127.363478,12,세종특별시
2026-06-21T14:05:05+09:00,GBIKE,373279,72.0,36.451385,127.363731,12,세종특별시
2026-06-21T14:05:05+09:00,GBIKE,621255,59.0,36.451472,127.362621,12,세종특별시
2026-06-21T14:05:05+09:00,GBIKE,302403,83.0,36.451492,127.363731,12,세종특별시
2026-06-21T14:05:05+09:00,GBIKE,308243,63.0,36.451894,127.364033,12,세종특별시
2026-06-21T14:05:05+09:00,GBIKE,365258,35.0,36.451955,127.36238,12,세종특별시
2026-06-21T14:05:05+09:00,GBIKE,345118,64.0,36.452218,127.363803,12,세종특별시
2026-06-21T14:05:05+09:00,GBIKE,304945,64.0,36.452324,127.360187,12,세종특별시
2026-06-21T14:05:05+09:00,GBIKE,377379,30.0,36.453726,127.365486,12,세종특별시
2026-06-21T14:05:05+09:00,GBIKE,604668,34.0,36.453955,127.363456,12,세종특별시
2026-06-21T14:05:05+09:00,GBIKE,624269,42.0,36.454222,127.366902,12,세종특별시
2026-06-21T14:05:05+09:00,GBIKE,302018,56.0,36.454319,127.363726,12,세종특별시
2026-06-21T14:05:05+09:00,GBIKE,386937,36.0,36.45439,127.364053,12,세종특별시
2026-06-21T14:05:05+09:00,GBIKE,395865,55.0,36.45444,127.363745,12,세종특별시
2026-06-21T14:05:05+09:00,GBIKE,338805,65.0,36.454861,127.363988,12,세종특별시
2026-06-21T14:05:05+09:00,GBIKE,306339,73.0,36.454917,127.364158,12,세종특별시
2026-06-21T14:05:05+09:00,GBIKE,378795,77.0,36.455416,127.364158,12,세종특별시
2026-06-21T14:05:05+09:00,GBIKE,395213,64.0,36.456796,127.36045,12,세종특별시
2026-06-21T14:05:05+09:00,GBIKE,300588,74.0,36.463659,127.359857,12,세종특별시
2026-06-21T14:05:05+09:00,GBIKE,501246,30.0,36.464406,127.28255,12,세종특별시
2026-06-21T14:05:05+09:00,GBIKE,631883,68.0,36.467741,127.264109,12,세종특별시
2026-06-21T14:05:05+09:00,GBIKE,131962,85.0,36.468202,127.268852,12,세종특별시
2026-06-21T14:05:05+09:00,GBIKE,131468,48.0,36.468213,127.269584,12,세종특별시
2026-06-21T14:05:05+09:00,GBIKE,131956,89.0,36.468583,127.271371,12,세종특별시
2026-06-21T14:05:05+09:00,GBIKE,395909,30.0,36.468641,127.271155,12,세종특별시
2026-06-21T14:05:05+09:00,GBIKE,130943,84.0,36.468798,127.273535,12,세종특별시
2026-06-21T14:05:05+09:00,GBIKE,131895,53.0,36.468911,127.272797,12,세종특별시
2026-06-21T14:05:05+09:00,GBIKE,131762,76.0,36.468948,127.272812,12,세종특별시
2026-06-21T14:05:05+09:00,GBIKE,130777,51.0,36.468949,127.272817,12,세종특별시
2026-06-21T14:05:05+09:00,GBIKE,131641,53.0,36.468964,127.273027,12,세종특별시
2026-06-21T14:05:05+09:00,GBIKE,130860,81.0,36.46899,127.274288,12,세종특별시
2026-06-21T14:05:05+09:00,GBIKE,131652,62.0,36.468997,127.274281,12,세종특별시
2026-06-21T14:05:05+09:00,GBIKE,131657,86.0,36.469001,127.274271,12,세종특별시
2026-06-21T14:05:05+09:00,GBIKE,501495,30.0,36.469028,127.273093,12,세종특별시
2026-06-21T14:05:05+09:00,GBIKE,130434,53.0,36.469122,127.274642,12,세종특별시
2026-06-21T14:05:05+09:00,GBIKE,130524,69.0,36.469163,127.27511,12,세종특별시
2026-06-21T14:05:05+09:00,GBIKE,501430,76.0,36.469178,127.2751,12,세종특별시
2026-06-21T14:05:05+09:00,GBIKE,130936,88.0,36.469188,127.275117,12,세종특별시
2026-06-21T14:05:05+09:00,GBIKE,131432,95.0,36.469206,127.27512,12,세종특별시
2026-06-21T14:05:05+09:00,GBIKE,131866,99.0,36.469223,127.274196,12,세종특별시
2026-06-21T14:05:05+09:00,GBIKE,130958,55.0,36.469233,127.273713,12,세종특별시
2026-06-21T14:05:05+09:00,GBIKE,131245,31.0,36.46925,127.280714,12,세종특별시
2026-06-21T14:05:05+09:00,GBIKE,130518,65.0,36.46926,127.280704,12,세종특별시
2026-06-21T14:05:05+09:00,GBIKE,131104,65.0,36.469318,127.276799,12,세종특별시
2026-06-21T14:05:05+09:00,GBIKE,130425,78.0,36.469792,127.27578,12,세종특별시
2026-06-21T14:05:05+09:00,GBIKE,131547,67.0,36.470037,127.287623,12,세종특별시
2026-06-21T14:05:05+09:00,GBIKE,130669,68.0,36.470056,127.277676,12,세종특별시
2026-06-21T14:05:05+09:00,GBIKE,131231,70.0,36.470289,127.25147,12,세종특별시
2026-06-21T14:05:05+09:00,GBIKE,131335,51.0,36.470531,127.277326,12,세종특별시
2026-06-21T14:05:05+09:00,GBIKE,131459,87.0,36.47063,127.275369,12,세종특별시
2026-06-21T14:05:05+09:00,GBIKE,130163,30.0,36.470981,127.273264,12,세종특별시
2026-06-21T14:05:05+09:00,GBIKE,131357,74.0,36.470981,127.273247,12,세종특별시
2026-06-21T14:05:05+09:00,GBIKE,130333,53.0,36.47104,127.252074,12,세종특별시
2026-06-21T14:05:05+09:00,GBIKE,130688,34.0,36.471093,127.252101,12,세종특별시
2026-06-21T14:05:05+09:00,GBIKE,501348,51.0,36.471119,127.27507,12,세종특별시
2026-06-21T14:05:05+09:00,GBIKE,501206,60.0,36.471227,127.280696,12,세종특별시
2026-06-21T14:05:05+09:00,GBIKE,130233,33.0,36.471332,127.27438,12,세종특별시
2026-06-21T14:05:05+09:00,GBIKE,130277,77.0,36.47143,127.279912,12,세종특별시
2026-06-21T14:05:05+09:00,GBIKE,131537,76.0,36.471474,127.280401,12,세종특별시
2026-06-21T14:05:05+09:00,GBIKE,131507,97.0,36.471561,127.276858,12,세종특별시
2026-06-21T14:05:05+09:00,GBIKE,130909,55.0,36.471604,127.276742,12,세종특별시
2026-06-21T14:05:05+09:00,GBIKE,131081,94.0,36.471776,127.27674,12,세종특별시
2026-06-21T14:05:05+09:00,GBIKE,131683,69.0,36.471777,127.275988,12,세종특별시
2026-06-21T14:05:05+09:00,GBIKE,501458,85.0,36.471844,127.280017,12,세종특별시
2026-06-21T14:05:05+09:00,GBIKE,130271,67.0,36.471859,127.275635,12,세종특별시
2026-06-21T14:05:05+09:00,GBIKE,501593,100.0,36.471901,127.275631,12,세종특별시
2026-06-21T14:05:05+09:00,GBIKE,130531,33.0,36.471908,127.275595,12,세종특별시
2026-06-21T14:05:05+09:00,GBIKE,131963,46.0,36.471909,127.253197,12,세종특별시
2026-06-21T14:05:05+09:00,GBIKE,131351,32.0,36.472156,127.252535,12,세종특별시
2026-06-21T14:05:05+09:00,GBIKE,131615,100.0,36.47218,127.274115,12,세종특별시
2026-06-21T14:05:05+09:00,GBIKE,501516,96.0,36.472252,127.278826,12,세종특별시
2026-06-21T14:05:05+09:00,GBIKE,501597,76.0,36.472466,127.27709,12,세종특별시
2026-06-21T14:05:05+09:00,GBIKE,131745,64.0,36.472574,127.278902,12,세종특별시
2026-06-21T14:05:05+09:00,GBIKE,130389,91.0,36.472611,127.278952,12,세종특별시
2026-06-21T14:05:05+09:00,GBIKE,131824,94.0,36.472611,127.275924,12,세종특별시
2026-06-21T14:05:05+09:00,GBIKE,130120,59.0,36.472827,127.277703,12,세종특별시
2026-06-21T14:05:05+09:00,GBIKE,501425,58.0,36.472884,127.277799,12,세종특별시
2026-06-21T14:05:05+09:00,GBIKE,501161,42.0,36.472988,127.253378,12,세종특별시
2026-06-21T14:05:05+09:00,GBIKE,131139,35.0,36.473196,127.250541,12,세종특별시
2026-06-21T14:05:05+09:00,GBIKE,130350,62.0,36.473239,127.278513,12,세종특별시
2026-06-21T14:05:05+09:00,GBIKE,130324,89.0,36.473523,127.278652,12,세종특별시
2026-06-21T14:05:05+09:00,GBIKE,131311,85.0,36.473525,127.277958,12,세종특별시
2026-06-21T14:05:05+09:00,GBIKE,131979,92.0,36.473944,127.29824,12,세종특별시
2026-06-21T14:05:05+09:00,GBIKE,501473,87.0,36.474121,127.251915,12,세종특별시
2026-06-21T14:05:05+09:00,GBIKE,501148,85.0,36.474175,127.2756,12,세종특별시
2026-06-21T14:05:05+09:00,GBIKE,131660,96.0,36.474251,127.274558,12,세종특별시
2026-06-21T14:05:05+09:00,GBIKE,131396,95.0,36.474281,127.257133,12,세종특별시
2026-06-21T14:05:05+09:00,GBIKE,130045,95.0,36.474355,127.274845,12,세종특별시
2026-06-21T14:05:05+09:00,GBIKE,131997,49.0,36.474376,127.253642,12,세종특별시
2026-06-21T14:05:05+09:00,GBIKE,501598,100.0,36.474438,127.280081,12,세종특별시
2026-06-21T14:05:05+09:00,GBIKE,131667,35.0,36.474522,127.255337,12,세종특별시
2026-06-21T14:05:05+09:00,GBIKE,501151,47.0,36.474604,127.289023,12,세종특별시
2026-06-21T14:05:05+09:00,GBIKE,501414,80.0,36.474671,127.275759,12,세종특별시
2026-06-21T14:05:05+09:00,GBIKE,131271,85.0,36.474673,127.275812,12,세종특별시
2026-06-21T14:05:05+09:00,GBIKE,131217,95.0,36.47469,127.275773,12,세종특별시
2026-06-21T14:05:05+09:00,GBIKE,130776,87.0,36.474695,127.284871,12,세종특별시
2026-06-21T14:05:05+09:00,GBIKE,131059,94.0,36.47471,127.275792,12,세종특별시
2026-06-21T14:05:05+09:00,GBIKE,130098,96.0,36.474718,127.275714,12,세종특별시
2026-06-21T14:05:05+09:00,GBIKE,130039,50.0,36.474728,127.275763,12,세종특별시
2026-06-21T14:05:05+09:00,GBIKE,130836,76.0,36.474732,127.275738,12,세종특별시
2026-06-21T14:05:05+09:00,GBIKE,130495,80.0,36.474754,127.275701,12,세종특별시
2026-06-21T14:05:05+09:00,GBIKE,131551,63.0,36.474765,127.275695,12,세종특별시
2026-06-21T14:05:05+09:00,GBIKE,131082,32.0,36.474802,127.253965,12,세종특별시
2026-06-21T14:05:05+09:00,GBIKE,130074,80.0,36.474945,127.284685,12,세종특별시
2026-06-21T14:05:05+09:00,GBIKE,131738,37.0,36.475047,127.285129,12,세종특별시
2026-06-21T14:05:05+09:00,GBIKE,131097,33.0,36.475108,127.254634,12,세종특별시
2026-06-21T14:05:05+09:00,GBIKE,130459,76.0,36.475141,127.248257,12,세종특별시
2026-06-21T14:05:05+09:00,GBIKE,130104,91.0,36.475244,127.276483,12,세종특별시
2026-06-21T14:05:05+09:00,GBIKE,131717,76.0,36.475253,127.252725,12,세종특별시
2026-06-21T14:05:05+09:00,GBIKE,501209,55.0,36.475293,127.252701,12,세종특별시
2026-06-21T14:05:05+09:00,GBIKE,130251,57.0,36.475306,127.252687,12,세종특별시
2026-06-21T14:05:05+09:00,GBIKE,131051,94.0,36.475372,127.252783,12,세종특별시
2026-06-21T14:05:05+09:00,GBIKE,131934,86.0,36.475378,127.252635,12,세종특별시
2026-06-21T14:05:05+09:00,GBIKE,131276,50.0,36.475392,127.276876,12,세종특별시
2026-06-21T14:05:05+09:00,GBIKE,131148,100.0,36.475398,127.252775,12,세종특별시
2026-06-21T14:05:05+09:00,GBIKE,130983,42.0,36.475439,127.252853,12,세종특별시
2026-06-21T14:05:05+09:00,GBIKE,501276,48.0,36.475527,127.281479,12,세종특별시
2026-06-21T14:05:05+09:00,GBIKE,131791,87.0,36.475555,127.277318,12,세종특별시
2026-06-21T14:05:05+09:00,GBIKE,501140,75.0,36.475569,127.276874,12,세종특별시
2026-06-21T14:05:05+09:00,GBIKE,130018,34.0,36.475579,127.252042,12,세종특별시
2026-06-21T14:05:05+09:00,GBIKE,131393,61.0,36.475584,127.252091,12,세종특별시
2026-06-21T14:05:05+09:00,GBIKE,130220,31.0,36.475596,127.252071,12,세종특별시
2026-06-21T14:05:05+09:00,GBIKE,130998,44.0,36.475599,127.276916,12,세종특별시
2026-06-21T14:05:05+09:00,GBIKE,131327,40.0,36.475604,127.252084,12,세종특별시
2026-06-21T14:05:05+09:00,GBIKE,501469,59.0,36.475609,127.276935,12,세종특별시
2026-06-21T14:05:05+09:00,GBIKE,501145,73.0,36.475614,127.281315,12,세종특별시
2026-06-21T14:05:05+09:00,GBIKE,130038,53.0,36.475665,127.284265,12,세종특별시
2026-06-21T14:05:05+09:00,GBIKE,131235,100.0,36.475675,127.252481,12,세종특별시
2026-06-21T14:05:05+09:00,GBIKE,131566,35.0,36.475682,127.253021,12,세종특별시
2026-06-21T14:05:05+09:00,GBIKE,130761,52.0,36.475688,127.252993,12,세종특별시
2026-06-21T14:05:05+09:00,GBIKE,131005,67.0,36.475696,127.278361,12,세종특별시
2026-06-21T14:05:05+09:00,GBIKE,130811,87.0,36.475711,127.253746,12,세종특별시
2026-06-21T14:05:05+09:00,GBIKE,131818,95.0,36.475716,127.277625,12,세종특별시
2026-06-21T14:05:05+09:00,GBIKE,131208,39.0,36.475775,127.276282,12,세종특별시
2026-06-21T14:05:05+09:00,GBIKE,501202,100.0,36.475835,127.279703,12,세종특별시
2026-06-21T14:05:05+09:00,GBIKE,130296,63.0,36.475841,127.277837,12,세종특별시
2026-06-21T14:05:05+09:00,GBIKE,130235,82.0,36.475857,127.284223,12,세종특별시
2026-06-21T14:05:05+09:00,GBIKE,131583,97.0,36.475959,127.277685,12,세종특별시
2026-06-21T14:05:05+09:00,GBIKE,131098,51.0,36.476177,127.289505,12,세종특별시
2026-06-21T14:05:05+09:00,GBIKE,131438,31.0,36.476227,127.251718,12,세종특별시
2026-06-21T14:05:05+09:00,GBIKE,501103,52.0,36.476236,127.251291,12,세종특별시
2026-06-21T14:05:05+09:00,GBIKE,501409,46.0,36.476273,127.253899,12,세종특별시
2026-06-21T14:05:05+09:00,GBIKE,130116,74.0,36.476276,127.252698,12,세종특별시
2026-06-21T14:05:05+09:00,GBIKE,131563,39.0,36.476279,127.27755,12,세종특별시
2026-06-21T14:05:05+09:00,GBIKE,131643,51.0,36.476282,127.277535,12,세종특별시
2026-06-21T14:05:05+09:00,GBIKE,130766,88.0,36.476285,127.277543,12,세종특별시
2026-06-21T14:05:05+09:00,GBIKE,130956,55.0,36.476304,127.251638,12,세종특별시
2026-06-21T14:05:05+09:00,GBIKE,501511,55.0,36.476364,127.253864,12,세종특별시
2026-06-21T14:05:05+09:00,GBIKE,131801,34.0,36.476374,127.25408,12,세종특별시
2026-06-21T14:05:05+09:00,GBIKE,131040,30.0,36.47645,127.253928,12,세종특별시
2026-06-21T14:05:05+09:00,GBIKE,501191,44.0,36.476467,127.253758,12,세종특별시
2026-06-21T14:05:05+09:00,GBIKE,131222,64.0,36.476521,127.253912,12,세종특별시
2026-06-21T14:05:05+09:00,GBIKE,130362,64.0,36.476544,127.247697,12,세종특별시
2026-06-21T14:05:05+09:00,GBIKE,131513,51.0,36.476547,127.288679,12,세종특별시
2026-06-21T14:05:05+09:00,GBIKE,130583,71.0,36.476565,127.24791,12,세종특별시
2026-06-21T14:05:05+09:00,GBIKE,131917,60.0,36.476567,127.288629,12,세종특별시
2026-06-21T14:05:05+09:00,GBIKE,131681,87.0,36.476618,127.288653,12,세종특별시
2026-06-21T14:05:05+09:00,GBIKE,131986,50.0,36.476638,127.295405,12,세종특별시
2026-06-21T14:05:05+09:00,GBIKE,131362,36.0,36.476669,127.296635,12,세종특별시
2026-06-21T14:05:05+09:00,GBIKE,130170,89.0,36.476719,127.250883,12,세종특별시
2026-06-21T14:05:05+09:00,GBIKE,501538,84.0,36.476737,127.28483,12,세종특별시
2026-06-21T14:05:05+09:00,GBIKE,131228,87.0,36.476794,127.289236,12,세종특별시
2026-06-21T14:05:05+09:00,GBIKE,131990,30.0,36.476813,127.283505,12,세종특별시
2026-06-21T14:05:05+09:00,GBIKE,130297,44.0,36.476844,127.258558,12,세종특별시
2026-06-21T14:05:05+09:00,GBIKE,131266,30.0,36.476846,127.250781,12,세종특별시
2026-06-21T14:05:05+09:00,GBIKE,130691,43.0,36.476955,127.296581,12,세종특별시
2026-06-21T14:05:05+09:00,GBIKE,130026,56.0,36.47699,127.289625,12,세종특별시
2026-06-21T14:05:05+09:00,GBIKE,130055,34.0,36.47707,127.248258,12,세종특별시
2026-06-21T14:05:05+09:00,GBIKE,131080,99.0,36.477103,127.280615,12,세종특별시
2026-06-21T14:05:05+09:00,GBIKE,130548,58.0,36.477154,127.248398,12,세종특별시
2026-06-21T14:05:05+09:00,GBIKE,130666,33.0,36.477176,127.259272,12,세종특별시
2026-06-21T14:05:05+09:00,GBIKE,130698,60.0,36.477182,127.254128,12,세종특별시
2026-06-21T14:05:05+09:00,GBIKE,131665,98.0,36.477201,127.28503,12,세종특별시
2026-06-21T14:05:05+09:00,GBIKE,130298,77.0,36.477238,127.250837,12,세종특별시
2026-06-21T14:05:05+09:00,GBIKE,131305,30.0,36.477296,127.254081,12,세종특별시
2026-06-21T14:05:05+09:00,GBIKE,131726,68.0,36.477332,127.290587,12,세종특별시
2026-06-21T14:05:05+09:00,GBIKE,131003,65.0,36.477334,127.249889,12,세종특별시
2026-06-21T14:05:05+09:00,GBIKE,130568,67.0,36.477336,127.297415,12,세종특별시
2026-06-21T14:05:05+09:00,GBIKE,501387,30.0,36.477338,127.250906,12,세종특별시
2026-06-21T14:05:05+09:00,GBIKE,131558,79.0,36.477341,127.297392,12,세종특별시
2026-06-21T14:05:05+09:00,GBIKE,130023,36.0,36.47736,127.248673,12,세종특별시
2026-06-21T14:05:05+09:00,GBIKE,131384,96.0,36.477391,127.291289,12,세종특별시
2026-06-21T14:05:05+09:00,GBIKE,130232,89.0,36.477403,127.291357,12,세종특별시
2026-06-21T14:05:05+09:00,GBIKE,130556,33.0,36.47741,127.250577,12,세종특별시
2026-06-21T14:05:05+09:00,GBIKE,130842,97.0,36.477468,127.28322,12,세종특별시
2026-06-21T14:05:05+09:00,GBIKE,131672,57.0,36.477482,127.28317,12,세종특별시
2026-06-21T14:05:05+09:00,GBIKE,131033,86.0,36.477521,127.254238,12,세종특별시
2026-06-21T14:05:05+09:00,GBIKE,130291,30.0,36.477532,127.24986,12,세종특별시
2026-06-21T14:05:05+09:00,GBIKE,131164,86.0,36.477554,127.289812,12,세종특별시
2026-06-21T14:05:05+09:00,GBIKE,130376,35.0,36.47756,127.24987,12,세종특별시
2026-06-21T14:05:05+09:00,GBIKE,501468,65.0,36.477566,127.285946,12,세종특별시
2026-06-21T14:05:05+09:00,GBIKE,130917,39.0,36.477581,127.249857,12,세종특별시
2026-06-21T14:05:05+09:00,GBIKE,131602,100.0,36.477589,127.298115,12,세종특별시
2026-06-21T14:05:05+09:00,GBIKE,131552,75.0,36.477635,127.298294,12,세종특별시
2026-06-21T14:05:05+09:00,GBIKE,131337,63.0,36.477665,127.295494,12,세종특별시
2026-06-21T14:05:05+09:00,GBIKE,131983,31.0,36.477696,127.255675,12,세종특별시
2026-06-21T14:05:05+09:00,GBIKE,130693,85.0,36.477787,127.249549,12,세종특별시
2026-06-21T14:05:05+09:00,GBIKE,501324,62.0,36.477797,127.253656,12,세종특별시
2026-06-21T14:05:05+09:00,GBIKE,130651,30.0,36.477805,127.253633,12,세종특별시
2026-06-21T14:05:05+09:00,GBIKE,131415,76.0,36.477828,127.288609,12,세종특별시
2026-06-21T14:05:05+09:00,GBIKE,131966,99.0,36.477829,127.248818,12,세종특별시
2026-06-21T14:05:05+09:00,GBIKE,130555,50.0,36.47783,127.283155,12,세종특별시
2026-06-21T14:05:05+09:00,GBIKE,130992,50.0,36.477832,127.259409,12,세종특별시
2026-06-21T14:05:05+09:00,GBIKE,131435,61.0,36.477834,127.283222,12,세종특별시
2026-06-21T14:05:05+09:00,GBIKE,501112,83.0,36.477849,127.252174,12,세종특별시
2026-06-21T14:05:05+09:00,GBIKE,131462,50.0,36.477936,127.295185,12,세종특별시
2026-06-21T14:05:05+09:00,GBIKE,130893,80.0,36.477945,127.291804,12,세종특별시
2026-06-21T14:05:05+09:00,GBIKE,131225,43.0,36.477952,127.287711,12,세종특별시
2026-06-21T14:05:05+09:00,GBIKE,130428,76.0,36.477977,127.291839,12,세종특별시
2026-06-21T14:05:05+09:00,GBIKE,130173,66.0,36.477987,127.299343,12,세종특별시
2026-06-21T14:05:05+09:00,GBIKE,501207,90.0,36.477991,127.287723,12,세종특별시
2026-06-21T14:05:05+09:00,GBIKE,501600,100.0,36.478006,127.299311,12,세종특별시
2026-06-21T14:05:05+09:00,GBIKE,131651,57.0,36.478008,127.287779,12,세종특별시
2026-06-21T14:05:05+09:00,GBIKE,501547,55.0,36.47804,127.283195,12,세종특별시
2026-06-21T14:05:05+09:00,GBIKE,131340,86.0,36.478182,127.288171,12,세종특별시
2026-06-21T14:05:05+09:00,GBIKE,130952,35.0,36.478223,127.299958,12,세종특별시
2026-06-21T14:05:05+09:00,GBIKE,130171,96.0,36.478226,127.299921,12,세종특별시
2026-06-21T14:05:05+09:00,GBIKE,131317,57.0,36.478235,127.299917,12,세종특별시
2026-06-21T14:05:05+09:00,GBIKE,130775,88.0,36.478254,127.300075,12,세종특별시
2026-06-21T14:05:05+09:00,GBIKE,130237,68.0,36.478267,127.26173,12,세종특별시
2026-06-21T14:05:05+09:00,GBIKE,501203,88.0,36.478281,127.288713,12,세종특별시
2026-06-21T14:05:05+09:00,GBIKE,130517,60.0,36.47831,127.288281,12,세종특별시
2026-06-21T14:05:05+09:00,GBIKE,130405,45.0,36.478312,127.287414,12,세종특별시
2026-06-21T14:05:05+09:00,GBIKE,501380,99.0,36.478325,127.288719,12,세종특별시
2026-06-21T14:05:05+09:00,GBIKE,131746,91.0,36.47833,127.287751,12,세종특별시
2026-06-21T14:05:05+09:00,GBIKE,130529,79.0,36.478331,127.259469,12,세종특별시
2026-06-21T14:05:05+09:00,GBIKE,130589,36.0,36.478343,127.288703,12,세종특별시
2026-06-21T14:05:05+09:00,GBIKE,130670,98.0,36.478355,127.287494,12,세종특별시
2026-06-21T14:05:05+09:00,GBIKE,130686,65.0,36.478391,127.300528,12,세종특별시
2026-06-21T14:05:05+09:00,GBIKE,130925,97.0,36.478397,127.287619,12,세종특별시
2026-06-21T14:05:05+09:00,GBIKE,501298,88.0,36.478447,127.288641,12,세종특별시
2026-06-21T14:05:05+09:00,GBIKE,130053,66.0,36.478463,127.255971,12,세종특별시
2026-06-21T14:05:05+09:00,GBIKE,131168,43.0,36.478484,127.301165,12,세종특별시
2026-06-21T14:05:05+09:00,GBIKE,130634,57.0,36.478528,127.255435,12,세종특별시
2026-06-21T14:05:05+09:00,GBIKE,130153,100.0,36.478537,127.295212,12,세종특별시
2026-06-21T14:05:05+09:00,GBIKE,131810,30.0,36.478558,127.252308,12,세종특별시
2026-06-21T14:05:05+09:00,GBIKE,130923,100.0,36.478573,127.2893,12,세종특별시
2026-06-21T14:05:05+09:00,GBIKE,130762,95.0,36.478612,127.25559,12,세종특별시
2026-06-21T14:05:05+09:00,GBIKE,131973,89.0,36.478615,127.289341,12,세종특별시
2026-06-21T14:05:05+09:00,GBIKE,501321,86.0,36.478631,127.289264,12,세종특별시
2026-06-21T14:05:05+09:00,GBIKE,130891,97.0,36.478632,127.28936,12,세종특별시
2026-06-21T14:05:05+09:00,GBIKE,130768,77.0,36.478643,127.257697,12,세종특별시
2026-06-21T14:05:05+09:00,GBIKE,130577,97.0,36.478649,127.289328,12,세종특별시
2026-06-21T14:05:05+09:00,GBIKE,131347,43.0,36.478653,127.2578,12,세종특별시
2026-06-21T14:05:05+09:00,GBIKE,131136,80.0,36.478655,127.289361,12,세종특별시
2026-06-21T14:05:05+09:00,GBIKE,130780,80.0,36.47866,127.255579,12,세종특별시
2026-06-21T14:05:05+09:00,GBIKE,131161,85.0,36.478688,127.255635,12,세종특별시
2026-06-21T14:05:05+09:00,GBIKE,131842,65.0,36.478693,127.255618,12,세종특별시
2026-06-21T14:05:05+09:00,GBIKE,131431,86.0,36.478695,127.257765,12,세종특별시
2026-06-21T14:05:05+09:00,GBIKE,131879,45.0,36.478697,127.255447,12,세종특별시
2026-06-21T14:05:05+09:00,GBIKE,131740,100.0,36.478723,127.255559,12,세종특별시
2026-06-21T14:05:05+09:00,GBIKE,130926,88.0,36.478731,127.2886,12,세종특별시
2026-06-21T14:05:05+09:00,GBIKE,130937,93.0,36.478754,127.251141,12,세종특별시
2026-06-21T14:05:05+09:00,GBIKE,130374,30.0,36.478782,127.250988,12,세종특별시
2026-06-21T14:05:05+09:00,GBIKE,130653,82.0,36.478792,127.288747,12,세종특별시
2026-06-21T14:05:05+09:00,GBIKE,501362,66.0,36.478824,127.288827,12,세종특별시
2026-06-21T14:05:05+09:00,GBIKE,131754,94.0,36.478827,127.288829,12,세종특별시
2026-06-21T14:05:05+09:00,GBIKE,131196,37.0,36.478828,127.25102,12,세종특별시
2026-06-21T14:05:05+09:00,GBIKE,131332,81.0,36.478831,127.255381,12,세종특별시
2026-06-21T14:05:05+09:00,GBIKE,501312,41.0,36.478848,127.2582,12,세종특별시
2026-06-21T14:05:05+09:00,GBIKE,130743,30.0,36.478849,127.251033,12,세종특별시
2026-06-21T14:05:05+09:00,GBIKE,130894,66.0,36.478858,127.251027,12,세종특별시
2026-06-21T14:05:05+09:00,GBIKE,501251,74.0,36.478868,127.287381,12,세종특별시
2026-06-21T14:05:05+09:00,GBIKE,130272,34.0,36.478868,127.301188,12,세종특별시
2026-06-21T14:05:05+09:00,GBIKE,501482,38.0,36.478928,127.290221,12,세종특별시
2026-06-21T14:05:05+09:00,GBIKE,130674,48.0,36.478943,127.262027,12,세종특별시
2026-06-21T14:05:05+09:00,GBIKE,501319,68.0,36.478945,127.28455,12,세종특별시
2026-06-21T14:05:05+09:00,GBIKE,131961,36.0,36.478985,127.262197,12,세종특별시
2026-06-21T14:05:05+09:00,GBIKE,501484,50.0,36.478989,127.290233,12,세종특별시
2026-06-21T14:05:05+09:00,GBIKE,130841,79.0,36.479059,127.26188,12,세종특별시
2026-06-21T14:05:05+09:00,GBIKE,131089,72.0,36.479198,127.252713,12,세종특별시
2026-06-21T14:05:05+09:00,GBIKE,130514,34.0,36.479222,127.261343,12,세종특별시
2026-06-21T14:05:05+09:00,GBIKE,130924,87.0,36.479245,127.285506,12,세종특별시
2026-06-21T14:05:05+09:00,GBIKE,130512,65.0,36.479257,127.252638,12,세종특별시
2026-06-21T14:05:05+09:00,GBIKE,131303,96.0,36.479272,127.25165,12,세종특별시
2026-06-21T14:05:05+09:00,GBIKE,501154,33.0,36.479291,127.249727,12,세종특별시
2026-06-21T14:05:05+09:00,GBIKE,501513,100.0,36.479301,127.285379,12,세종특별시
2026-06-21T14:05:05+09:00,GBIKE,130310,68.0,36.479308,127.285453,12,세종특별시
2026-06-21T14:05:05+09:00,GBIKE,131503,92.0,36.479311,127.285388,12,세종특별시
2026-06-21T14:05:05+09:00,GBIKE,130797,31.0,36.47932,127.261828,12,세종특별시
2026-06-21T14:05:05+09:00,GBIKE,131835,39.0,36.479358,127.252558,12,세종특별시
2026-06-21T14:05:05+09:00,GBIKE,131774,79.0,36.479385,127.252515,12,세종특별시
2026-06-21T14:05:05+09:00,GBIKE,131514,32.0,36.479398,127.2619,12,세종특별시
2026-06-21T14:05:05+09:00,GBIKE,131531,62.0,36.47942,127.246822,12,세종특별시
2026-06-21T14:05:05+09:00,GBIKE,131026,95.0,36.479544,127.250763,12,세종특별시
2026-06-21T14:05:05+09:00,GBIKE,130072,47.0,36.479546,127.263269,12,세종특별시
2026-06-21T14:05:05+09:00,GBIKE,131899,43.0,36.479546,127.252369,12,세종특별시
2026-06-21T14:05:05+09:00,GBIKE,130717,41.0,36.47955,127.263199,12,세종특별시
2026-06-21T14:05:05+09:00,GBIKE,131889,38.0,36.479553,127.262665,12,세종특별시
2026-06-21T14:05:05+09:00,GBIKE,131173,92.0,36.479555,127.286054,12,세종특별시
2026-06-21T14:05:05+09:00,GBIKE,130931,55.0,36.479607,127.262635,12,세종특별시
2026-06-21T14:05:05+09:00,GBIKE,501135,83.0,36.479608,127.286586,12,세종특별시
2026-06-21T14:05:05+09:00,GBIKE,501172,30.0,36.479628,127.264191,12,세종특별시
2026-06-21T14:05:05+09:00,GBIKE,131593,92.0,36.479641,127.285614,12,세종특별시
2026-06-21T14:05:05+09:00,GBIKE,130250,31.0,36.47969,127.257889,12,세종특별시
2026-06-21T14:05:05+09:00,GBIKE,501307,30.0,36.479695,127.264542,12,세종특별시
2026-06-21T14:05:05+09:00,GBIKE,131322,58.0,36.479715,127.247818,12,세종특별시
2026-06-21T14:05:05+09:00,GBIKE,131937,86.0,36.479735,127.286484,12,세종특별시
2026-06-21T14:05:05+09:00,GBIKE,501392,86.0,36.479741,127.247841,12,세종특별시
2026-06-21T14:05:05+09:00,GBIKE,130279,63.0,36.479746,127.286512,12,세종특별시
2026-06-21T14:05:05+09:00,GBIKE,501517,67.0,36.479759,127.264674,12,세종특별시
2026-06-21T14:05:05+09:00,GBIKE,130022,100.0,36.479764,127.254689,12,세종특별시
2026-06-21T14:05:05+09:00,GBIKE,130967,30.0,36.479771,127.254574,12,세종특별시
2026-06-21T14:05:05+09:00,GBIKE,130626,67.0,36.479798,127.259921,12,세종특별시
2026-06-21T14:05:05+09:00,GBIKE,131330,77.0,36.479849,127.28663,12,세종특별시
2026-06-21T14:05:05+09:00,GBIKE,131863,87.0,36.479858,127.286659,12,세종특별시
2026-06-21T14:05:05+09:00,GBIKE,130861,43.0,36.47986,127.261871,12,세종특별시
2026-06-21T14:05:05+09:00,GBIKE,130364,56.0,36.479861,127.286771,12,세종특별시
2026-06-21T14:05:05+09:00,GBIKE,130460,68.0,36.479923,127.262357,12,세종특별시
2026-06-21T14:05:05+09:00,GBIKE,130411,30.0,36.479944,127.252456,12,세종특별시
2026-06-21T14:05:05+09:00,GBIKE,131936,75.0,36.479955,127.254242,12,세종특별시
2026-06-21T14:05:05+09:00,GBIKE,131523,66.0,36.48,127.254528,12,세종특별시
2026-06-21T14:05:05+09:00,GBIKE,130351,79.0,36.480002,127.286701,12,세종특별시
2026-06-21T14:05:05+09:00,GBIKE,131515,47.0,36.480021,127.258455,12,세종특별시
2026-06-21T14:05:05+09:00,GBIKE,130308,91.0,36.480033,127.286597,12,세종특별시
2026-06-21T14:05:05+09:00,GBIKE,130908,62.0,36.480035,127.252766,12,세종특별시
2026-06-21T14:05:05+09:00,GBIKE,130052,86.0,36.480036,127.286688,12,세종특별시
2026-06-21T14:05:05+09:00,GBIKE,501486,30.0,36.480041,127.252691,12,세종특별시
2026-06-21T14:05:05+09:00,GBIKE,130541,86.0,36.480054,127.286616,12,세종특별시
2026-06-21T14:05:05+09:00,GBIKE,501216,97.0,36.480061,127.25956,12,세종특별시
2026-06-21T14:05:05+09:00,GBIKE,130637,55.0,36.480063,127.286706,12,세종특별시
2026-06-21T14:05:05+09:00,GBIKE,131712,58.0,36.480072,127.286652,12,세종특별시
2026-06-21T14:05:05+09:00,GBIKE,130853,89.0,36.480079,127.286668,12,세종특별시
2026-06-21T14:05:05+09:00,GBIKE,130440,76.0,36.480085,127.25291,12,세종특별시
2026-06-21T14:05:05+09:00,GBIKE,131662,76.0,36.480085,127.26119,12,세종특별시
2026-06-21T14:05:05+09:00,GBIKE,130661,95.0,36.480094,127.286718,12,세종특별시
2026-06-21T14:05:05+09:00,GBIKE,130619,96.0,36.480103,127.286764,12,세종특별시
2026-06-21T14:05:05+09:00,GBIKE,130437,85.0,36.480106,127.304082,12,세종특별시
2026-06-21T14:05:05+09:00,GBIKE,131805,72.0,36.480125,127.286776,12,세종특별시
2026-06-21T14:05:05+09:00,GBIKE,501350,76.0,36.480134,127.253174,12,세종특별시
2026-06-21T14:05:05+09:00,GBIKE,131548,81.0,36.480135,127.24833,12,세종특별시
2026-06-21T14:05:05+09:00,GBIKE,131715,84.0,36.480136,127.252981,12,세종특별시
2026-06-21T14:05:05+09:00,GBIKE,501285,41.0,36.48015,127.26431,12,세종특별시
2026-06-21T14:05:05+09:00,GBIKE,131149,58.0,36.480152,127.252502,12,세종특별시
2026-06-21T14:05:05+09:00,GBIKE,131951,95.0,36.480155,127.253181,12,세종특별시
2026-06-21T14:05:05+09:00,GBIKE,130708,84.0,36.48016,127.248368,12,세종특별시
2026-06-21T14:05:05+09:00,GBIKE,131853,47.0,36.480161,127.253077,12,세종특별시
2026-06-21T14:05:05+09:00,GBIKE,130639,63.0,36.480186,127.292831,12,세종특별시
2026-06-21T14:05:05+09:00,GBIKE,131448,95.0,36.48019,127.253137,12,세종특별시
2026-06-21T14:05:05+09:00,GBIKE,131559,33.0,36.480215,127.253125,12,세종특별시
2026-06-21T14:05:05+09:00,GBIKE,130190,62.0,36.480234,127.246374,12,세종특별시
2026-06-21T14:05:05+09:00,GBIKE,130027,87.0,36.480235,127.24637,12,세종특별시
2026-06-21T14:05:05+09:00,GBIKE,131939,35.0,36.480244,127.246302,12,세종특별시
2026-06-21T14:05:05+09:00,GBIKE,131463,30.0,36.480244,127.246353,12,세종특별시
2026-06-21T14:05:05+09:00,GBIKE,130414,32.0,36.480309,127.248209,12,세종특별시
2026-06-21T14:05:05+09:00,GBIKE,130990,32.0,36.480325,127.260342,12,세종특별시
2026-06-21T14:05:05+09:00,GBIKE,131793,44.0,36.480383,127.262124,12,세종특별시
2026-06-21T14:05:05+09:00,GBIKE,131707,34.0,36.480389,127.262081,12,세종특별시
2026-06-21T14:05:05+09:00,GBIKE,131629,46.0,36.480412,127.262066,12,세종특별시
2026-06-21T14:05:05+09:00,GBIKE,501131,95.0,36.480468,127.260361,12,세종특별시
2026-06-21T14:05:05+09:00,GBIKE,501397,74.0,36.480483,127.295077,12,세종특별시
2026-06-21T14:05:05+09:00,GBIKE,131282,69.0,36.480584,127.254707,12,세종특별시
2026-06-21T14:05:05+09:00,GBIKE,130449,42.0,36.480703,127.259912,12,세종특별시
2026-06-21T14:05:05+09:00,GBIKE,501252,32.0,36.480723,127.24678,12,세종특별시
2026-06-21T14:05:05+09:00,GBIKE,501108,100.0,36.480745,127.26181,12,세종특별시
2026-06-21T14:05:05+09:00,GBIKE,501133,41.0,36.48078,127.261823,12,세종특별시
2026-06-21T14:05:05+09:00,GBIKE,131359,75.0,36.480788,127.261828,12,세종특별시
2026-06-21T14:05:05+09:00,GBIKE,131428,77.0,36.480818,127.289075,12,세종특별시
2026-06-21T14:05:05+09:00,GBIKE,130339,65.0,36.480857,127.261778,12,세종특별시
2026-06-21T14:05:05+09:00,GBIKE,131698,74.0,36.480869,127.248472,12,세종특별시
2026-06-21T14:05:05+09:00,GBIKE,131752,60.0,36.480882,127.250769,12,세종특별시
2026-06-21T14:05:05+09:00,GBIKE,131454,68.0,36.480959,127.261721,12,세종특별시
2026-06-21T14:05:05+09:00,GBIKE,501491,84.0,36.48097,127.294918,12,세종특별시
2026-06-21T14:05:05+09:00,GBIKE,501498,30.0,36.480987,127.261683,12,세종특별시
2026-06-21T14:05:05+09:00,GBIKE,131172,30.0,36.481005,127.262876,12,세종특별시
2026-06-21T14:05:05+09:00,GBIKE,131880,56.0,36.481033,127.262855,12,세종특별시
2026-06-21T14:05:05+09:00,GBIKE,501407,86.0,36.481065,127.261586,12,세종특별시
2026-06-21T14:05:05+09:00,GBIKE,131908,56.0,36.481118,127.262007,12,세종특별시
2026-06-21T14:05:05+09:00,GBIKE,131795,83.0,36.481125,127.290012,12,세종특별시
2026-06-21T14:05:05+09:00,GBIKE,131386,95.0,36.481159,127.290553,12,세종특별시
2026-06-21T14:05:05+09:00,GBIKE,131202,36.0,36.481182,127.261529,12,세종특별시
2026-06-21T14:05:05+09:00,GBIKE,130221,87.0,36.481195,127.290596,12,세종특별시
2026-06-21T14:05:05+09:00,GBIKE,130406,31.0,36.481271,127.258996,12,세종특별시
2026-06-21T14:05:05+09:00,GBIKE,501361,100.0,36.481303,127.290178,12,세종특별시
2026-06-21T14:05:05+09:00,GBIKE,501339,66.0,36.481342,127.303869,12,세종특별시
2026-06-21T14:05:05+09:00,GBIKE,131037,100.0,36.481348,127.26908,12,세종특별시
2026-06-21T14:05:05+09:00,GBIKE,130031,38.0,36.481376,127.307864,12,세종특별시
2026-06-21T14:05:05+09:00,GBIKE,130451,46.0,36.481377,127.308392,12,세종특별시
2026-06-21T14:05:05+09:00,GBIKE,501187,41.0,36.481407,127.307808,12,세종특별시
2026-06-21T14:05:05+09:00,GBIKE,332827,30.0,36.481435,127.24633,12,세종특별시
2026-06-21T14:05:05+09:00,GBIKE,501413,100.0,36.481554,127.259195,12,세종특별시
2026-06-21T14:05:05+09:00,GBIKE,501113,86.0,36.481555,127.290732,12,세종특별시
2026-06-21T14:05:05+09:00,GBIKE,501180,95.0,36.481555,127.290722,12,세종특별시
2026-06-21T14:05:05+09:00,GBIKE,501129,30.0,36.481576,127.260242,12,세종특별시
2026-06-21T14:05:05+09:00,GBIKE,130094,87.0,36.481672,127.29647,12,세종특별시
2026-06-21T14:05:05+09:00,GBIKE,130876,45.0,36.481674,127.296407,12,세종특별시
2026-06-21T14:05:05+09:00,GBIKE,130746,72.0,36.481685,127.296325,12,세종특별시
2026-06-21T14:05:05+09:00,GBIKE,131248,81.0,36.481732,127.252121,12,세종특별시
2026-06-21T14:05:05+09:00,GBIKE,131118,64.0,36.481735,127.303676,12,세종특별시
2026-06-21T14:05:05+09:00,GBIKE,131255,70.0,36.481766,127.295667,12,세종특별시
2026-06-21T14:05:05+09:00,GBIKE,130063,65.0,36.481971,127.308267,12,세종특별시
2026-06-21T14:05:05+09:00,GBIKE,131924,74.0,36.482041,127.291927,12,세종특별시
2026-06-21T14:05:05+09:00,GBIKE,131083,100.0,36.482138,127.262303,12,세종특별시
2026-06-21T14:05:05+09:00,GBIKE,130733,67.0,36.48215,127.309519,12,세종특별시
2026-06-21T14:05:05+09:00,GBIKE,131611,77.0,36.482215,127.307662,12,세종특별시
2026-06-21T14:05:05+09:00,GBIKE,131682,50.0,36.482224,127.260835,12,세종특별시
2026-06-21T14:05:05+09:00,GBIKE,130354,32.0,36.48223,127.249695,12,세종특별시
2026-06-21T14:05:05+09:00,GBIKE,131747,78.0,36.482253,127.29728,12,세종특별시
2026-06-21T14:05:05+09:00,GBIKE,131587,32.0,36.482302,127.248506,12,세종특별시
2026-06-21T14:05:05+09:00,GBIKE,130617,63.0,36.482325,127.261851,12,세종특별시
2026-06-21T14:05:05+09:00,GBIKE,501166,53.0,36.482328,127.260348,12,세종특별시
2026-06-21T14:05:05+09:00,GBIKE,130503,100.0,36.482384,127.262561,12,세종특별시
2026-06-21T14:05:05+09:00,GBIKE,130705,40.0,36.482424,127.261733,12,세종특별시
2026-06-21T14:05:05+09:00,GBIKE,131338,52.0,36.482439,127.265458,12,세종특별시
2026-06-21T14:05:05+09:00,GBIKE,130763,79.0,36.482464,127.261697,12,세종특별시
2026-06-21T14:05:05+09:00,GBIKE,130591,35.0,36.482609,127.267196,12,세종특별시
2026-06-21T14:05:05+09:00,GBIKE,130205,31.0,36.48266,127.248009,12,세종특별시
2026-06-21T14:05:05+09:00,GBIKE,131768,49.0,36.48269,127.297347,12,세종특별시
2026-06-21T14:05:05+09:00,GBIKE,130847,30.0,36.482702,127.245966,12,세종특별시
2026-06-21T14:05:05+09:00,GBIKE,131839,66.0,36.482703,127.263488,12,세종특별시
2026-06-21T14:05:05+09:00,GBIKE,130896,30.0,36.482765,127.261332,12,세종특별시
2026-06-21T14:05:05+09:00,GBIKE,130559,43.0,36.482917,127.2462,12,세종특별시
2026-06-21T14:05:05+09:00,GBIKE,501411,100.0,36.482942,127.263628,12,세종특별시
2026-06-21T14:05:05+09:00,GBIKE,501139,48.0,36.483005,127.297668,12,세종특별시
2026-06-21T14:05:05+09:00,GBIKE,501356,66.0,36.483029,127.268035,12,세종특별시
2026-06-21T14:05:05+09:00,GBIKE,131517,41.0,36.483036,127.248331,12,세종특별시
2026-06-21T14:05:05+09:00,GBIKE,130749,54.0,36.483042,127.263639,12,세종특별시
2026-06-21T14:05:05+09:00,GBIKE,131470,82.0,36.48307,127.293714,12,세종특별시
2026-06-21T14:05:05+09:00,GBIKE,501192,50.0,36.483082,127.25352,12,세종특별시
2026-06-21T14:05:05+09:00,GBIKE,501365,34.0,36.483092,127.263384,12,세종특별시
2026-06-21T14:05:05+09:00,GBIKE,130657,31.0,36.483131,127.253421,12,세종특별시
2026-06-21T14:05:05+09:00,GBIKE,130075,94.0,36.483145,127.293743,12,세종특별시
2026-06-21T14:05:05+09:00,GBIKE,130854,80.0,36.483174,127.29332,12,세종특별시
2026-06-21T14:05:05+09:00,GBIKE,131803,100.0,36.483201,127.293436,12,세종특별시
2026-06-21T14:05:05+09:00,GBIKE,131210,41.0,36.483254,127.264248,12,세종특별시
2026-06-21T14:05:05+09:00,GBIKE,131693,74.0,36.483325,127.263107,12,세종특별시
2026-06-21T14:05:05+09:00,GBIKE,501194,60.0,36.483365,127.263036,12,세종특별시
2026-06-21T14:05:05+09:00,GBIKE,131998,71.0,36.483496,127.249152,12,세종특별시
2026-06-21T14:05:05+09:00,GBIKE,130504,58.0,36.483527,127.252563,12,세종특별시
2026-06-21T14:05:05+09:00,GBIKE,131385,35.0,36.483558,127.263385,12,세종특별시
2026-06-21T14:05:05+09:00,GBIKE,130169,92.0,36.483568,127.263316,12,세종특별시
2026-06-21T14:05:05+09:00,GBIKE,131464,30.0,36.4836,127.252636,12,세종특별시
2026-06-21T14:05:05+09:00,GBIKE,131471,88.0,36.483761,127.306249,12,세종특별시
2026-06-21T14:05:05+09:00,GBIKE,130211,72.0,36.483791,127.264063,12,세종특별시
2026-06-21T14:05:05+09:00,GBIKE,501532,78.0,36.483801,127.262984,12,세종특별시
2026-06-21T14:05:05+09:00,GBIKE,131249,52.0,36.483806,127.294005,12,세종특별시
2026-06-21T14:05:05+09:00,GBIKE,131152,31.0,36.483825,127.251993,12,세종특별시
2026-06-21T14:05:05+09:00,GBIKE,501374,100.0,36.483832,127.263122,12,세종특별시
2026-06-21T14:05:05+09:00,GBIKE,131544,98.0,36.483838,127.25286,12,세종특별시
2026-06-21T14:05:05+09:00,GBIKE,131107,48.0,36.48386,127.245932,12,세종특별시
2026-06-21T14:05:05+09:00,GBIKE,130471,30.0,36.483862,127.248945,12,세종특별시
2026-06-21T14:05:05+09:00,GBIKE,131915,92.0,36.483869,127.259085,12,세종특별시
2026-06-21T14:05:05+09:00,GBIKE,131946,34.0,36.483891,127.25666,12,세종특별시
2026-06-21T14:05:05+09:00,GBIKE,130904,47.0,36.4839,127.247263,12,세종특별시
2026-06-21T14:05:05+09:00,GBIKE,131001,71.0,36.483912,127.258989,12,세종특별시
2026-06-21T14:05:05+09:00,GBIKE,131785,44.0,36.483933,127.246113,12,세종특별시
2026-06-21T14:05:05+09:00,GBIKE,501446,30.0,36.483945,127.252756,12,세종특별시
2026-06-21T14:05:05+09:00,GBIKE,130726,91.0,36.483948,127.25269,12,세종특별시
2026-06-21T14:05:05+09:00,GBIKE,130421,65.0,36.484042,127.294501,12,세종특별시
2026-06-21T14:05:05+09:00,GBIKE,130060,100.0,36.48405,127.294316,12,세종특별시
2026-06-21T14:05:05+09:00,GBIKE,130681,49.0,36.484066,127.294205,12,세종특별시
2026-06-21T14:05:05+09:00,GBIKE,131634,70.0,36.484074,127.251547,12,세종특별시
2026-06-21T14:05:05+09:00,GBIKE,501177,73.0,36.484093,127.293686,12,세종특별시
2026-06-21T14:05:05+09:00,GBIKE,130938,33.0,36.484108,127.249466,12,세종특별시
2026-06-21T14:05:05+09:00,GBIKE,131800,66.0,36.484156,127.248831,12,세종특별시
2026-06-21T14:05:05+09:00,GBIKE,131209,31.0,36.484195,127.252392,12,세종특별시
2026-06-21T14:05:05+09:00,GBIKE,131035,66.0,36.484195,127.257555,12,세종특별시
2026-06-21T14:05:05+09:00,GBIKE,131025,37.0,36.484224,127.299813,12,세종특별시
2026-06-21T14:05:05+09:00,GBIKE,131653,34.0,36.48424,127.260624,12,세종특별시
2026-06-21T14:05:05+09:00,GBIKE,501195,38.0,36.48427,127.252194,12,세종특별시
2026-06-21T14:05:05+09:00,GBIKE,130383,100.0,36.484285,127.252279,12,세종특별시
2026-06-21T14:05:05+09:00,GBIKE,130090,31.0,36.484296,127.25005,12,세종특별시
2026-06-21T14:05:05+09:00,GBIKE,131373,64.0,36.484299,127.248873,12,세종특별시
2026-06-21T14:05:05+09:00,GBIKE,501334,74.0,36.484348,127.252276,12,세종특별시
2026-06-21T14:05:05+09:00,GBIKE,131501,86.0,36.484411,127.252052,12,세종특별시
2026-06-21T14:05:05+09:00,GBIKE,131534,82.0,36.484414,127.253275,12,세종특별시
2026-06-21T14:05:05+09:00,GBIKE,501136,83.0,36.484424,127.26087,12,세종특별시
2026-06-21T14:05:05+09:00,GBIKE,130601,30.0,36.484426,127.252052,12,세종특별시
2026-06-21T14:05:05+09:00,GBIKE,130438,70.0,36.484433,127.252009,12,세종특별시
2026-06-21T14:05:05+09:00,GBIKE,130493,34.0,36.484447,127.250416,12,세종특별시
2026-06-21T14:05:05+09:00,GBIKE,131283,92.0,36.484462,127.252159,12,세종특별시
2026-06-21T14:05:05+09:00,GBIKE,131649,95.0,36.484471,127.24606,12,세종특별시
2026-06-21T14:05:05+09:00,GBIKE,501150,82.0,36.484475,127.304213,12,세종특별시
2026-06-21T14:05:05+09:00,GBIKE,130549,38.0,36.484561,127.259062,12,세종특별시
2026-06-21T14:05:05+09:00,GBIKE,131635,32.0,36.484593,127.258473,12,세종특별시
2026-06-21T14:05:05+09:00,GBIKE,501543,30.0,36.484638,127.254161,12,세종특별시
2026-06-21T14:05:05+09:00,GBIKE,131858,87.0,36.484647,127.246181,12,세종특별시
2026-06-21T14:05:05+09:00,GBIKE,130239,31.0,36.484672,127.249015,12,세종특별시
2026-06-21T14:05:05+09:00,GBIKE,130570,32.0,36.484675,127.246234,12,세종특별시
2026-06-21T14:05:05+09:00,GBIKE,130682,74.0,36.484695,127.246174,12,세종특별시
2026-06-21T14:05:05+09:00,GBIKE,131207,30.0,36.484697,127.250898,12,세종특별시
2026-06-21T14:05:05+09:00,GBIKE,131211,33.0,36.484701,127.259645,12,세종특별시
2026-06-21T14:05:05+09:00,GBIKE,501577,32.0,36.484747,127.319422,12,세종특별시
2026-06-21T14:05:05+09:00,GBIKE,131132,100.0,36.484783,127.301644,12,세종특별시
2026-06-21T14:05:05+09:00,GBIKE,501107,49.0,36.484807,127.253213,12,세종특별시
2026-06-21T14:05:05+09:00,GBIKE,501263,43.0,36.48482,127.253146,12,세종특별시
2026-06-21T14:05:05+09:00,GBIKE,131931,73.0,36.484844,127.250765,12,세종특별시
2026-06-21T14:05:05+09:00,GBIKE,501105,53.0,36.484854,127.251194,12,세종특별시
2026-06-21T14:05:05+09:00,GBIKE,501302,94.0,36.484896,127.266343,12,세종특별시
2026-06-21T14:05:05+09:00,GBIKE,130694,96.0,36.484896,127.299813,12,세종특별시
2026-06-21T14:05:05+09:00,GBIKE,130161,64.0,36.484938,127.295262,12,세종특별시
2026-06-21T14:05:05+09:00,GBIKE,131007,45.0,36.484944,127.301819,12,세종특별시
2026-06-21T14:05:05+09:00,GBIKE,131398,66.0,36.484971,127.250193,12,세종특별시
2026-06-21T14:05:05+09:00,GBIKE,501390,88.0,36.484972,127.303248,12,세종특별시
2026-06-21T14:05:05+09:00,GBIKE,501141,67.0,36.484993,127.259174,12,세종특별시
2026-06-21T14:05:05+09:00,GBIKE,501443,93.0,36.484995,127.302025,12,세종특별시
2026-06-21T14:05:05+09:00,GBIKE,131521,55.0,36.485006,127.30052,12,세종특별시
2026-06-21T14:05:05+09:00,GBIKE,130751,65.0,36.48501,127.266299,12,세종특별시
2026-06-21T14:05:05+09:00,GBIKE,130790,57.0,36.485012,127.25055,12,세종특별시
2026-06-21T14:05:05+09:00,GBIKE,501566,32.0,36.485019,127.301814,12,세종특별시
2026-06-21T14:05:05+09:00,GBIKE,130194,70.0,36.485039,127.250197,12,세종특별시
2026-06-21T14:05:05+09:00,GBIKE,130380,37.0,36.485049,127.252835,12,세종특별시
2026-06-21T14:05:05+09:00,GBIKE,130647,89.0,36.485074,127.250548,12,세종특별시
2026-06-21T14:05:05+09:00,GBIKE,130475,96.0,36.485094,127.250376,12,세종특별시
2026-06-21T14:05:05+09:00,GBIKE,130304,37.0,36.485102,127.251018,12,세종특별시
2026-06-21T14:05:05+09:00,GBIKE,130172,46.0,36.485156,127.250958,12,세종특별시
2026-06-21T14:05:05+09:00,GBIKE,130697,47.0,36.48516,127.301819,12,세종특별시
2026-06-21T14:05:05+09:00,GBIKE,501176,80.0,36.485177,127.25053,12,세종특별시
2026-06-21T14:05:05+09:00,GBIKE,501562,62.0,36.485194,127.25866,12,세종특별시
2026-06-21T14:05:05+09:00,GBIKE,501208,30.0,36.485234,127.250932,12,세종특별시
2026-06-21T14:05:05+09:00,GBIKE,130989,33.0,36.485267,127.250622,12,세종특별시
2026-06-21T14:05:05+09:00,GBIKE,130396,37.0,36.485285,127.251488,12,세종특별시
2026-06-21T14:05:05+09:00,GBIKE,131594,31.0,36.485298,127.25047,12,세종특별시
2026-06-21T14:05:05+09:00,GBIKE,130789,30.0,36.485303,127.248174,12,세종특별시
2026-06-21T14:05:05+09:00,GBIKE,130856,64.0,36.485327,127.250652,12,세종특별시
2026-06-21T14:05:05+09:00,GBIKE,131356,100.0,36.485355,127.258829,12,세종특별시
2026-06-21T14:05:05+09:00,GBIKE,131090,48.0,36.485362,127.248139,12,세종특별시
2026-06-21T14:05:05+09:00,GBIKE,130550,88.0,36.485401,127.250325,12,세종특별시
2026-06-21T14:05:05+09:00,GBIKE,501499,80.0,36.485408,127.302342,12,세종특별시
2026-06-21T14:05:05+09:00,GBIKE,131192,68.0,36.48545,127.251184,12,세종특별시
2026-06-21T14:05:05+09:00,GBIKE,131290,34.0,36.485451,127.302394,12,세종특별시
2026-06-21T14:05:05+09:00,GBIKE,130618,32.0,36.485465,127.250766,12,세종특별시
2026-06-21T14:05:05+09:00,GBIKE,130867,41.0,36.485478,127.251094,12,세종특별시
2026-06-21T14:05:05+09:00,GBIKE,131644,68.0,36.485546,127.250982,12,세종특별시
2026-06-21T14:05:05+09:00,GBIKE,130436,36.0,36.485552,127.320054,12,세종특별시
2026-06-21T14:05:05+09:00,GBIKE,130341,30.0,36.485612,127.250653,12,세종특별시
2026-06-21T14:05:05+09:00,GBIKE,131256,33.0,36.485615,127.250255,12,세종특별시
2026-06-21T14:05:05+09:00,GBIKE,345936,37.0,36.485648,127.245198,12,세종특별시
2026-06-21T14:05:05+09:00,GBIKE,131402,65.0,36.48569,127.301095,12,세종특별시
2026-06-21T14:05:05+09:00,GBIKE,131000,86.0,36.485721,127.250155,12,세종특별시
2026-06-21T14:05:05+09:00,GBIKE,393554,30.0,36.485738,127.296456,12,세종특별시
2026-06-21T14:05:05+09:00,GBIKE,131069,30.0,36.485749,127.262353,12,세종특별시
2026-06-21T14:05:05+09:00,GBIKE,131621,78.0,36.48576,127.245436,12,세종특별시
2026-06-21T14:05:05+09:00,GBIKE,501315,78.0,36.485786,127.261831,12,세종특별시
2026-06-21T14:05:05+09:00,GBIKE,131238,52.0,36.485828,127.2548,12,세종특별시
2026-06-21T14:05:05+09:00,GBIKE,130107,95.0,36.485859,127.245494,12,세종특별시
2026-06-21T14:05:05+09:00,GBIKE,131298,77.0,36.485866,127.262352,12,세종특별시
2026-06-21T14:05:05+09:00,GBIKE,501588,47.0,36.48588,127.250171,12,세종특별시
2026-06-21T14:05:05+09:00,GBIKE,131091,48.0,36.485928,127.252284,12,세종특별시
2026-06-21T14:05:05+09:00,GBIKE,130064,42.0,36.485958,127.246042,12,세종특별시
2026-06-21T14:05:05+09:00,GBIKE,130511,86.0,36.485959,127.259107,12,세종특별시
2026-06-21T14:05:05+09:00,GBIKE,131988,75.0,36.485981,127.302387,12,세종특별시
2026-06-21T14:05:05+09:00,GBIKE,131206,96.0,36.48599,127.259058,12,세종특별시
2026-06-21T14:05:05+09:00,GBIKE,130875,91.0,36.486027,127.247986,12,세종특별시
2026-06-21T14:05:05+09:00,GBIKE,130573,70.0,36.486036,127.24505,12,세종특별시
2026-06-21T14:05:05+09:00,GBIKE,501121,100.0,36.486036,127.295252,12,세종특별시
2026-06-21T14:05:05+09:00,GBIKE,501372,86.0,36.486047,127.250103,12,세종특별시
2026-06-21T14:05:05+09:00,GBIKE,131397,78.0,36.486166,127.25055,12,세종특별시
2026-06-21T14:05:05+09:00,GBIKE,130287,35.0,36.486242,127.256795,12,세종특별시
2026-06-21T14:05:05+09:00,GBIKE,131845,32.0,36.486301,127.257233,12,세종특별시
2026-06-21T14:05:05+09:00,GBIKE,130955,98.0,36.486302,127.257244,12,세종특별시
2026-06-21T14:05:05+09:00,GBIKE,131802,68.0,36.486366,127.246895,12,세종특별시
2026-06-21T14:05:05+09:00,GBIKE,501527,65.0,36.486368,127.24801,12,세종특별시
2026-06-21T14:05:05+09:00,GBIKE,131570,98.0,36.486372,127.246861,12,세종특별시
2026-06-21T14:05:05+09:00,GBIKE,130484,41.0,36.486454,127.250028,12,세종특별시
2026-06-21T14:05:05+09:00,GBIKE,130593,100.0,36.48646,127.262149,12,세종특별시
2026-06-21T14:05:05+09:00,GBIKE,131018,85.0,36.486464,127.25011,12,세종특별시
2026-06-21T14:05:05+09:00,GBIKE,131817,54.0,36.486472,127.250264,12,세종특별시
2026-06-21T14:05:05+09:00,GBIKE,130985,67.0,36.486473,127.250531,12,세종특별시
2026-06-21T14:05:05+09:00,GBIKE,501378,60.0,36.486475,127.251036,12,세종특별시
2026-06-21T14:05:05+09:00,GBIKE,130033,31.0,36.48649,127.257698,12,세종특별시
2026-06-21T14:05:05+09:00,GBIKE,130905,96.0,36.486539,127.246372,12,세종특별시
2026-06-21T14:05:05+09:00,GBIKE,130580,58.0,36.486562,127.250476,12,세종특별시
2026-06-21T14:05:05+09:00,GBIKE,131743,37.0,36.486567,127.250541,12,세종특별시
2026-06-21T14:05:05+09:00,GBIKE,501490,59.0,36.486568,127.257685,12,세종특별시
2026-06-21T14:05:05+09:00,GBIKE,131714,58.0,36.486591,127.247629,12,세종특별시
2026-06-21T14:05:05+09:00,GBIKE,130646,65.0,36.486625,127.24681,12,세종특별시
2026-06-21T14:05:05+09:00,GBIKE,501580,84.0,36.486634,127.303874,12,세종특별시
2026-06-21T14:05:05+09:00,GBIKE,501471,34.0,36.486645,127.24687,12,세종특별시
2026-06-21T14:05:05+09:00,GBIKE,130695,56.0,36.486647,127.250503,12,세종특별시
2026-06-21T14:05:05+09:00,GBIKE,130162,88.0,36.48665,127.250482,12,세종특별시
2026-06-21T14:05:05+09:00,GBIKE,131562,33.0,36.48665,127.246956,12,세종특별시
2026-06-21T14:05:05+09:00,GBIKE,130282,83.0,36.486676,127.24695,12,세종특별시
2026-06-21T14:05:05+09:00,GBIKE,131297,60.0,36.486698,127.246944,12,세종특별시
2026-06-21T14:05:05+09:00,GBIKE,130916,45.0,36.4867,127.295053,12,세종특별시
2026-06-21T14:05:05+09:00,GBIKE,131371,64.0,36.48677,127.249968,12,세종특별시
2026-06-21T14:05:05+09:00,GBIKE,130605,39.0,36.486771,127.249686,12,세종특별시
2026-06-21T14:05:05+09:00,GBIKE,130041,33.0,36.486806,127.249811,12,세종특별시
2026-06-21T14:05:05+09:00,GBIKE,501395,35.0,36.486819,127.250834,12,세종특별시
2026-06-21T14:05:05+09:00,GBIKE,130021,81.0,36.486851,127.249942,12,세종특별시
2026-06-21T14:05:05+09:00,GBIKE,131378,57.0,36.486863,127.251779,12,세종특별시
2026-06-21T14:05:05+09:00,GBIKE,130087,37.0,36.486907,127.250035,12,세종특별시
2026-06-21T14:05:05+09:00,GBIKE,131891,56.0,36.486919,127.25,12,세종특별시
2026-06-21T14:05:05+09:00,GBIKE,131894,59.0,36.486933,127.250755,12,세종특별시
2026-06-21T14:05:05+09:00,GBIKE,130729,78.0,36.486934,127.250618,12,세종특별시
2026-06-21T14:05:05+09:00,GBIKE,131361,95.0,36.48695,127.250089,12,세종특별시
2026-06-21T14:05:05+09:00,GBIKE,130830,67.0,36.486953,127.250412,12,세종특별시
2026-06-21T14:05:05+09:00,GBIKE,130024,56.0,36.486972,127.249988,12,세종특별시
2026-06-21T14:05:05+09:00,GBIKE,501227,39.0,36.48699,127.263385,12,세종특별시
2026-06-21T14:05:05+09:00,GBIKE,501284,96.0,36.486991,127.263376,12,세종특별시
2026-06-21T14:05:05+09:00,GBIKE,501297,85.0,36.486995,127.25718,12,세종특별시
2026-06-21T14:05:05+09:00,GBIKE,131242,75.0,36.487006,127.257112,12,세종특별시
2026-06-21T14:05:05+09:00,GBIKE,130348,100.0,36.487008,127.249975,12,세종특별시
2026-06-21T14:05:05+09:00,GBIKE,131289,75.0,36.487011,127.249799,12,세종특별시
2026-06-21T14:05:05+09:00,GBIKE,130554,30.0,36.487055,127.248484,12,세종특별시
2026-06-21T14:05:05+09:00,GBIKE,130886,31.0,36.487065,127.257461,12,세종특별시
2026-06-21T14:05:05+09:00,GBIKE,131557,67.0,36.487066,127.251742,12,세종특별시
2026-06-21T14:05:05+09:00,GBIKE,339068,33.0,36.487068,127.257466,12,세종특별시
2026-06-21T14:05:05+09:00,GBIKE,131637,97.0,36.487082,127.249143,12,세종특별시
2026-06-21T14:05:05+09:00,GBIKE,130488,31.0,36.487082,127.257837,12,세종특별시
2026-06-21T14:05:05+09:00,GBIKE,501303,94.0,36.487083,127.296004,12,세종특별시
2026-06-21T14:05:05+09:00,GBIKE,131725,69.0,36.487105,127.257852,12,세종특별시
2026-06-21T14:05:05+09:00,GBIKE,131333,80.0,36.487202,127.249255,12,세종특별시
2026-06-21T14:05:05+09:00,GBIKE,131121,55.0,36.487209,127.257392,12,세종특별시
2026-06-21T14:05:05+09:00,GBIKE,501132,78.0,36.487216,127.322342,12,세종특별시
2026-06-21T14:05:05+09:00,GBIKE,501175,30.0,36.487271,127.249468,12,세종특별시
2026-06-21T14:05:05+09:00,GBIKE,131312,100.0,36.487275,127.248589,12,세종특별시
2026-06-21T14:05:05+09:00,GBIKE,130481,38.0,36.487289,127.247768,12,세종특별시
2026-06-21T14:05:05+09:00,GBIKE,130258,74.0,36.487296,127.248551,12,세종특별시
2026-06-21T14:05:05+09:00,GBIKE,131258,58.0,36.487298,127.257738,12,세종특별시
2026-06-21T14:05:05+09:00,GBIKE,131647,96.0,36.487312,127.265957,12,세종특별시
2026-06-21T14:05:05+09:00,GBIKE,501408,89.0,36.487313,127.251452,12,세종특별시
2026-06-21T14:05:05+09:00,GBIKE,130174,32.0,36.487353,127.265727,12,세종특별시
2026-06-21T14:05:05+09:00,GBIKE,131491,58.0,36.487373,127.25044,12,세종특별시
2026-06-21T14:05:05+09:00,GBIKE,131280,50.0,36.487382,127.322261,12,세종특별시
2026-06-21T14:05:05+09:00,GBIKE,501237,40.0,36.487409,127.2504,12,세종특별시
2026-06-21T14:05:05+09:00,GBIKE,130381,58.0,36.487419,127.250839,12,세종특별시
2026-06-21T14:05:05+09:00,GBIKE,131496,93.0,36.487421,127.257648,12,세종특별시
2026-06-21T14:05:05+09:00,GBIKE,130453,35.0,36.487442,127.257209,12,세종특별시
2026-06-21T14:05:05+09:00,GBIKE,501502,100.0,36.487448,127.264375,12,세종특별시
2026-06-21T14:05:05+09:00,GBIKE,130798,91.0,36.487459,127.248031,12,세종특별시
2026-06-21T14:05:05+09:00,GBIKE,131071,97.0,36.487461,127.244718,12,세종특별시
2026-06-21T14:05:05+09:00,GBIKE,131477,62.0,36.487545,127.257589,12,세종특별시
2026-06-21T14:05:05+09:00,GBIKE,130676,35.0,36.487546,127.266014,12,세종특별시
2026-06-21T14:05:05+09:00,GBIKE,131387,96.0,36.487551,127.251785,12,세종특별시
2026-06-21T14:05:05+09:00,GBIKE,130718,39.0,36.487555,127.265988,12,세종특별시
2026-06-21T14:05:05+09:00,GBIKE,131836,77.0,36.48756,127.257618,12,세종특별시
2026-06-21T14:05:05+09:00,GBIKE,130965,98.0,36.487561,127.257634,12,세종특별시
2026-06-21T14:05:05+09:00,GBIKE,131921,33.0,36.487562,127.247701,12,세종특별시
2026-06-21T14:05:05+09:00,GBIKE,131645,69.0,36.487567,127.250283,12,세종특별시
2026-06-21T14:05:05+09:00,GBIKE,130184,52.0,36.487607,127.251686,12,세종특별시
2026-06-21T14:05:05+09:00,GBIKE,131274,96.0,36.487671,127.251462,12,세종특별시
2026-06-21T14:05:05+09:00,GBIKE,131736,99.0,36.487686,127.244555,12,세종특별시
2026-06-21T14:05:05+09:00,GBIKE,131565,57.0,36.487693,127.250679,12,세종특별시
2026-06-21T14:05:05+09:00,GBIKE,501436,95.0,36.487717,127.257064,12,세종특별시
2026-06-21T14:05:05+09:00,GBIKE,501375,31.0,36.487741,127.264283,12,세종특별시
2026-06-21T14:05:05+09:00,GBIKE,131697,61.0,36.487741,127.250192,12,세종특별시
2026-06-21T14:05:05+09:00,GBIKE,131904,100.0,36.487759,127.267911,12,세종특별시
2026-06-21T14:05:05+09:00,GBIKE,131014,85.0,36.487773,127.264421,12,세종특별시
2026-06-21T14:05:05+09:00,GBIKE,131771,59.0,36.487807,127.252461,12,세종특별시
2026-06-21T14:05:05+09:00,GBIKE,130539,50.0,36.487818,127.252424,12,세종특별시
2026-06-21T14:05:05+09:00,GBIKE,130675,95.0,36.487844,127.252499,12,세종특별시
2026-06-21T14:05:05+09:00,GBIKE,501332,30.0,36.487858,127.261029,12,세종특별시
2026-06-21T14:05:05+09:00,GBIKE,131444,54.0,36.487862,127.252533,12,세종특별시
2026-06-21T14:05:05+09:00,GBIKE,131043,30.0,36.487873,127.252518,12,세종특별시
2026-06-21T14:05:05+09:00,GBIKE,130788,100.0,36.488011,127.252936,12,세종특별시
2026-06-21T14:05:05+09:00,GBIKE,130196,62.0,36.488038,127.252874,12,세종특별시
2026-06-21T14:05:05+09:00,GBIKE,130352,81.0,36.488044,127.319976,12,세종특별시
2026-06-21T14:05:05+09:00,GBIKE,131737,30.0,36.48807,127.26443,12,세종특별시
2026-06-21T14:05:05+09:00,GBIKE,130584,100.0,36.488077,127.319921,12,세종특별시
2026-06-21T14:05:05+09:00,GBIKE,131346,83.0,36.48809,127.263599,12,세종특별시
2026-06-21T14:05:05+09:00,GBIKE,130273,30.0,36.488132,127.260699,12,세종특별시
2026-06-21T14:05:05+09:00,GBIKE,501401,40.0,36.488242,127.250212,12,세종특별시
2026-06-21T14:05:05+09:00,GBIKE,131612,58.0,36.488305,127.259885,12,세종특별시
2026-06-21T14:05:05+09:00,GBIKE,131127,32.0,36.488426,127.256079,12,세종특별시
2026-06-21T14:05:05+09:00,GBIKE,131102,85.0,36.488455,127.246528,12,세종특별시
2026-06-21T14:05:05+09:00,GBIKE,130204,99.0,36.488462,127.256301,12,세종특별시
2026-06-21T14:05:05+09:00,GBIKE,130680,32.0,36.488557,127.253825,12,세종특별시
2026-06-21T14:05:05+09:00,GBIKE,501583,48.0,36.488561,127.255506,12,세종특별시
2026-06-21T14:05:05+09:00,GBIKE,131319,53.0,36.4886,127.254873,12,세종특별시
2026-06-21T14:05:05+09:00,GBIKE,131964,99.0,36.488606,127.250054,12,세종특별시
2026-06-21T14:05:05+09:00,GBIKE,501371,100.0,36.488615,127.26729,12,세종특별시
2026-06-21T14:05:05+09:00,GBIKE,131094,36.0,36.488625,127.25466,12,세종특별시
2026-06-21T14:05:05+09:00,GBIKE,131784,33.0,36.488658,127.256195,12,세종특별시
2026-06-21T14:05:05+09:00,GBIKE,131157,31.0,36.48867,127.250665,12,세종특별시
2026-06-21T14:05:05+09:00,GBIKE,130668,72.0,36.488675,127.252263,12,세종특별시
2026-06-21T14:05:05+09:00,GBIKE,131388,47.0,36.488686,127.25532,12,세종특별시
2026-06-21T14:05:05+09:00,GBIKE,619461,70.0,36.488711,127.25979,12,세종특별시
2026-06-21T14:05:05+09:00,GBIKE,501384,98.0,36.488726,127.247263,12,세종특별시
2026-06-21T14:05:05+09:00,GBIKE,130887,31.0,36.488729,127.255335,12,세종특별시
2026-06-21T14:05:05+09:00,GBIKE,130121,58.0,36.488734,127.24725,12,세종특별시
2026-06-21T14:05:05+09:00,GBIKE,131008,93.0,36.488737,127.29966,12,세종특별시
2026-06-21T14:05:05+09:00,GBIKE,130114,30.0,36.488776,127.266839,12,세종특별시
2026-06-21T14:05:05+09:00,GBIKE,131661,55.0,36.488776,127.254546,12,세종특별시
2026-06-21T14:05:05+09:00,GBIKE,131861,87.0,36.488809,127.302142,12,세종특별시
2026-06-21T14:05:05+09:00,GBIKE,131560,81.0,36.488822,127.260679,12,세종특별시
2026-06-21T14:05:05+09:00,GBIKE,131055,100.0,36.488859,127.253755,12,세종특별시
2026-06-21T14:05:05+09:00,GBIKE,130386,70.0,36.488912,127.25488,12,세종특별시
2026-06-21T14:05:05+09:00,GBIKE,501323,91.0,36.488914,127.302105,12,세종특별시
2026-06-21T14:05:05+09:00,GBIKE,501553,69.0,36.488917,127.255033,12,세종특별시
2026-06-21T14:05:05+09:00,GBIKE,131872,51.0,36.488933,127.254988,12,세종특별시
2026-06-21T14:05:05+09:00,GBIKE,130753,89.0,36.488958,127.257032,12,세종특별시
2026-06-21T14:05:05+09:00,GBIKE,131070,32.0,36.488959,127.253831,12,세종특별시
2026-06-21T14:05:05+09:00,GBIKE,130410,37.0,36.488963,127.257042,12,세종특별시
2026-06-21T14:05:05+09:00,GBIKE,501552,63.0,36.488982,127.25658,12,세종특별시
2026-06-21T14:05:05+09:00,GBIKE,131150,51.0,36.48899,127.25346,12,세종특별시
2026-06-21T14:05:05+09:00,GBIKE,130344,63.0,36.489001,127.266811,12,세종특별시
2026-06-21T14:05:05+09:00,GBIKE,130544,34.0,36.489081,127.254009,12,세종특별시
2026-06-21T14:05:05+09:00,GBIKE,131465,30.0,36.4891,127.247544,12,세종특별시
2026-06-21T14:05:05+09:00,GBIKE,131664,30.0,36.489164,127.25621,12,세종특별시
2026-06-21T14:05:05+09:00,GBIKE,131628,99.0,36.489169,127.256181,12,세종특별시
2026-06-21T14:05:05+09:00,GBIKE,131556,66.0,36.48917,127.299147,12,세종특별시
2026-06-21T14:05:05+09:00,GBIKE,131727,55.0,36.489172,127.256188,12,세종특별시
2026-06-21T14:05:05+09:00,GBIKE,131518,98.0,36.489173,127.256308,12,세종특별시
2026-06-21T14:05:05+09:00,GBIKE,501336,52.0,36.489184,127.269408,12,세종특별시
2026-06-21T14:05:05+09:00,GBIKE,130496,43.0,36.489194,127.259615,12,세종특별시
2026-06-21T14:05:05+09:00,GBIKE,501555,31.0,36.489199,127.269393,12,세종특별시
2026-06-21T14:05:05+09:00,GBIKE,130563,65.0,36.489224,127.255835,12,세종특별시
2026-06-21T14:05:05+09:00,GBIKE,131856,62.0,36.489234,127.256168,12,세종특별시
2026-06-21T14:05:05+09:00,GBIKE,131971,41.0,36.489234,127.255802,12,세종특별시
2026-06-21T14:05:05+09:00,GBIKE,501370,77.0,36.489243,127.302326,12,세종특별시
2026-06-21T14:05:05+09:00,GBIKE,131788,30.0,36.489244,127.244516,12,세종특별시
2026-06-21T14:05:05+09:00,GBIKE,130781,89.0,36.489255,127.255866,12,세종특별시
2026-06-21T14:05:05+09:00,GBIKE,131379,32.0,36.489298,127.25651,12,세종특별시
2026-06-21T14:05:05+09:00,GBIKE,130857,75.0,36.489302,127.254771,12,세종특별시
2026-06-21T14:05:05+09:00,GBIKE,130730,100.0,36.489305,127.254726,12,세종특별시
2026-06-21T14:05:05+09:00,GBIKE,501415,65.0,36.489342,127.258039,12,세종특별시
2026-06-21T14:05:05+09:00,GBIKE,131811,95.0,36.48935,127.256506,12,세종특별시
2026-06-21T14:05:05+09:00,GBIKE,131619,38.0,36.489353,127.256591,12,세종특별시
2026-06-21T14:05:05+09:00,GBIKE,501169,100.0,36.489355,127.257962,12,세종특별시
2026-06-21T14:05:05+09:00,GBIKE,131183,30.0,36.489363,127.256529,12,세종특별시
2026-06-21T14:05:05+09:00,GBIKE,130659,34.0,36.489382,127.25661,12,세종특별시
2026-06-21T14:05:05+09:00,GBIKE,131719,34.0,36.489383,127.256394,12,세종특별시
2026-06-21T14:05:05+09:00,GBIKE,130069,100.0,36.489398,127.258178,12,세종특별시
2026-06-21T14:05:05+09:00,GBIKE,131539,57.0,36.489406,127.243955,12,세종특별시
2026-06-21T14:05:05+09:00,GBIKE,131949,92.0,36.489429,127.256535,12,세종특별시
2026-06-21T14:05:05+09:00,GBIKE,501489,100.0,36.489432,127.258227,12,세종특별시
2026-06-21T14:05:05+09:00,GBIKE,130473,87.0,36.489433,127.25651,12,세종특별시
2026-06-21T14:05:05+09:00,GBIKE,501168,67.0,36.489435,127.257165,12,세종특별시
2026-06-21T14:05:05+09:00,GBIKE,501561,96.0,36.489436,127.298745,12,세종특별시
2026-06-21T14:05:05+09:00,GBIKE,131623,32.0,36.489438,127.26058,12,세종특별시
2026-06-21T14:05:05+09:00,GBIKE,130212,30.0,36.489441,127.256473,12,세종특별시
2026-06-21T14:05:05+09:00,GBIKE,131864,97.0,36.489445,127.255425,12,세종특별시
2026-06-21T14:05:05+09:00,GBIKE,131878,95.0,36.489455,127.256533,12,세종특별시
2026-06-21T14:05:05+09:00,GBIKE,131911,100.0,36.489457,127.256496,12,세종특별시
2026-06-21T14:05:05+09:00,GBIKE,130126,30.0,36.489465,127.256553,12,세종특별시
2026-06-21T14:05:05+09:00,GBIKE,130566,59.0,36.489473,127.256546,12,세종특별시
2026-06-21T14:05:05+09:00,GBIKE,130627,91.0,36.489475,127.259321,12,세종특별시
2026-06-21T14:05:05+09:00,GBIKE,131595,41.0,36.489476,127.256569,12,세종특별시
2026-06-21T14:05:05+09:00,GBIKE,131834,67.0,36.489477,127.256505,12,세종특별시
2026-06-21T14:05:05+09:00,GBIKE,131886,30.0,36.48948,127.256528,12,세종특별시
2026-06-21T14:05:05+09:00,GBIKE,131509,32.0,36.489486,127.25646,12,세종특별시
2026-06-21T14:05:05+09:00,GBIKE,501474,95.0,36.489494,127.259609,12,세종특별시
2026-06-21T14:05:05+09:00,GBIKE,131813,34.0,36.489511,127.256529,12,세종특별시
2026-06-21T14:05:05+09:00,GBIKE,130065,91.0,36.489513,127.256434,12,세종특별시
2026-06-21T14:05:05+09:00,GBIKE,501157,89.0,36.489531,127.254649,12,세종특별시
2026-06-21T14:05:05+09:00,GBIKE,501101,62.0,36.489532,127.256931,12,세종특별시
2026-06-21T14:05:05+09:00,GBIKE,501452,70.0,36.489534,127.259625,12,세종특별시
2026-06-21T14:05:05+09:00,GBIKE,130313,100.0,36.489571,127.256487,12,세종특별시
2026-06-21T14:05:05+09:00,GBIKE,131251,31.0,36.489572,127.256603,12,세종특별시
2026-06-21T14:05:05+09:00,GBIKE,131776,31.0,36.489592,127.260373,12,세종특별시
2026-06-21T14:05:05+09:00,GBIKE,131326,36.0,36.489599,127.302445,12,세종특별시
2026-06-21T14:05:05+09:00,GBIKE,131423,68.0,36.489627,127.301809,12,세종특별시
2026-06-21T14:05:05+09:00,GBIKE,130782,78.0,36.48965,127.255604,12,세종특별시
2026-06-21T14:05:05+09:00,GBIKE,501247,84.0,36.48965,127.259086,12,세종특별시
2026-06-21T14:05:05+09:00,GBIKE,501369,100.0,36.489716,127.259297,12,세종특별시
2026-06-21T14:05:05+09:00,GBIKE,131439,78.0,36.489727,127.259083,12,세종특별시
2026-06-21T14:05:05+09:00,GBIKE,131145,56.0,36.489746,127.252666,12,세종특별시
2026-06-21T14:05:05+09:00,GBIKE,130545,62.0,36.489758,127.259626,12,세종특별시
2026-06-21T14:05:05+09:00,GBIKE,130328,72.0,36.489802,127.302048,12,세종특별시
2026-06-21T14:05:05+09:00,GBIKE,131799,95.0,36.489815,127.301882,12,세종특별시
2026-06-21T14:05:05+09:00,GBIKE,131561,79.0,36.489816,127.24493,12,세종특별시
2026-06-21T14:05:05+09:00,GBIKE,130127,45.0,36.489828,127.244916,12,세종특별시
2026-06-21T14:05:05+09:00,GBIKE,501596,35.0,36.489841,127.244917,12,세종특별시
2026-06-21T14:05:05+09:00,GBIKE,501261,82.0,36.48985,127.260364,12,세종특별시
2026-06-21T14:05:05+09:00,GBIKE,131696,33.0,36.489878,127.250674,12,세종특별시
2026-06-21T14:05:05+09:00,GBIKE,130764,33.0,36.489895,127.259323,12,세종특별시
2026-06-21T14:05:05+09:00,GBIKE,130794,32.0,36.489916,127.254716,12,세종특별시
2026-06-21T14:05:05+09:00,GBIKE,130360,72.0,36.489918,127.259326,12,세종특별시
2026-06-21T14:05:05+09:00,GBIKE,501558,71.0,36.489936,127.245059,12,세종특별시
2026-06-21T14:05:05+09:00,GBIKE,130540,72.0,36.489945,127.25549,12,세종특별시
2026-06-21T14:05:05+09:00,GBIKE,130621,69.0,36.489962,127.255465,12,세종특별시
2026-06-21T14:05:05+09:00,GBIKE,131733,81.0,36.489994,127.259202,12,세종특별시
2026-06-21T14:05:05+09:00,GBIKE,130122,45.0,36.490033,127.255621,12,세종특별시
2026-06-21T14:05:05+09:00,GBIKE,130845,72.0,36.490036,127.255039,12,세종특별시
2026-06-21T14:05:05+09:00,GBIKE,131724,90.0,36.490049,127.255715,12,세종특별시
2026-06-21T14:05:05+09:00,GBIKE,130157,95.0,36.490117,127.302002,12,세종특별시
2026-06-21T14:05:05+09:00,GBIKE,501382,32.0,36.49013,127.2586,12,세종특별시
2026-06-21T14:05:05+09:00,GBIKE,131086,61.0,36.490216,127.252913,12,세종특별시
2026-06-21T14:05:05+09:00,GBIKE,131405,82.0,36.490232,127.256382,12,세종특별시
2026-06-21T14:05:05+09:00,GBIKE,130189,87.0,36.490239,127.256384,12,세종특별시
2026-06-21T14:05:05+09:00,GBIKE,131995,76.0,36.49026,127.254533,12,세종특별시
2026-06-21T14:05:05+09:00,GBIKE,131673,48.0,36.490367,127.243368,12,세종특별시
2026-06-21T14:05:05+09:00,GBIKE,131686,52.0,36.490433,127.245362,12,세종특별시
2026-06-21T14:05:05+09:00,GBIKE,130665,83.0,36.490439,127.256573,12,세종특별시
2026-06-21T14:05:05+09:00,GBIKE,130932,77.0,36.490534,127.259164,12,세종특별시
2026-06-21T14:05:05+09:00,GBIKE,501134,100.0,36.490539,127.25242,12,세종특별시
2026-06-21T14:05:05+09:00,GBIKE,130755,31.0,36.490551,127.25908,12,세종특별시
2026-06-21T14:05:05+09:00,GBIKE,130735,30.0,36.490566,127.258997,12,세종특별시
2026-06-21T14:05:05+09:00,GBIKE,130315,39.0,36.490569,127.259128,12,세종특별시
2026-06-21T14:05:05+09:00,GBIKE,131261,62.0,36.490578,127.248189,12,세종특별시
2026-06-21T14:05:05+09:00,GBIKE,131985,91.0,36.490587,127.259086,12,세종특별시
2026-06-21T14:05:05+09:00,GBIKE,130500,74.0,36.490641,127.246491,12,세종특별시
2026-06-21T14:05:05+09:00,GBIKE,130902,38.0,36.490663,127.246428,12,세종특별시
2026-06-21T14:05:05+09:00,GBIKE,131488,91.0,36.490675,127.259095,12,세종특별시
2026-06-21T14:05:05+09:00,GBIKE,131259,87.0,36.490687,127.255464,12,세종특별시
2026-06-21T14:05:05+09:00,GBIKE,130141,51.0,36.490699,127.25907,12,세종특별시
2026-06-21T14:05:05+09:00,GBIKE,130973,44.0,36.490705,127.257339,12,세종특별시
2026-06-21T14:05:05+09:00,GBIKE,501405,30.0,36.490724,127.321203,12,세종특별시
2026-06-21T14:05:05+09:00,GBIKE,131137,42.0,36.490742,127.259066,12,세종특별시
2026-06-21T14:05:05+09:00,GBIKE,501330,31.0,36.490762,127.258422,12,세종특별시
2026-06-21T14:05:05+09:00,GBIKE,501528,81.0,36.490769,127.259084,12,세종특별시
2026-06-21T14:05:05+09:00,GBIKE,501269,64.0,36.490774,127.321407,12,세종특별시
2026-06-21T14:05:05+09:00,GBIKE,130086,75.0,36.490796,127.26263,12,세종특별시
2026-06-21T14:05:05+09:00,GBIKE,130077,69.0,36.490822,127.257609,12,세종특별시
2026-06-21T14:05:05+09:00,GBIKE,130249,47.0,36.490849,127.265171,12,세종특별시
2026-06-21T14:05:05+09:00,GBIKE,131450,73.0,36.490888,127.24278,12,세종특별시
2026-06-21T14:05:05+09:00,GBIKE,131047,30.0,36.490903,127.25622,12,세종특별시
2026-06-21T14:05:05+09:00,GBIKE,131105,100.0,36.490909,127.255986,12,세종특별시
2026-06-21T14:05:05+09:00,GBIKE,130713,30.0,36.490922,127.255973,12,세종특별시
2026-06-21T14:05:05+09:00,GBIKE,501427,89.0,36.49093,127.261007,12,세종특별시
2026-06-21T14:05:05+09:00,GBIKE,131389,54.0,36.490938,127.256826,12,세종특별시
2026-06-21T14:05:05+09:00,GBIKE,501274,34.0,36.490962,127.257029,12,세종특별시
2026-06-21T14:05:05+09:00,GBIKE,131510,69.0,36.490967,127.257306,12,세종특별시
2026-06-21T14:05:05+09:00,GBIKE,501196,61.0,36.490989,127.257254,12,세종특별시
2026-06-21T14:05:05+09:00,GBIKE,131756,49.0,36.490992,127.257013,12,세종특별시
2026-06-21T14:05:05+09:00,GBIKE,501454,57.0,36.491026,127.256961,12,세종특별시
2026-06-21T14:05:05+09:00,GBIKE,131012,52.0,36.491052,127.257379,12,세종특별시
2026-06-21T14:05:05+09:00,GBIKE,501126,72.0,36.491068,127.262957,12,세종특별시
2026-06-21T14:05:05+09:00,GBIKE,130372,32.0,36.491079,127.253553,12,세종특별시
2026-06-21T14:05:05+09:00,GBIKE,131890,92.0,36.491109,127.257317,12,세종특별시
2026-06-21T14:05:05+09:00,GBIKE,130160,85.0,36.491169,127.246765,12,세종특별시
2026-06-21T14:05:05+09:00,GBIKE,130831,36.0,36.491193,127.257157,12,세종특별시
2026-06-21T14:05:05+09:00,GBIKE,501366,81.0,36.4912,127.254538,12,세종특별시
2026-06-21T14:05:05+09:00,GBIKE,131030,100.0,36.491202,127.258965,12,세종특별시
2026-06-21T14:05:05+09:00,GBIKE,131046,55.0,36.491229,127.25864,12,세종특별시
2026-06-21T14:05:05+09:00,GBIKE,501466,79.0,36.491231,127.260548,12,세종특별시
2026-06-21T14:05:05+09:00,GBIKE,130240,30.0,36.491241,127.254591,12,세종특별시
2026-06-21T14:05:05+09:00,GBIKE,501435,51.0,36.491267,127.257973,12,세종특별시
2026-06-21T14:05:05+09:00,GBIKE,130822,70.0,36.491278,127.258979,12,세종특별시
2026-06-21T14:05:05+09:00,GBIKE,130515,43.0,36.49128,127.258179,12,세종특별시
2026-06-21T14:05:05+09:00,GBIKE,130202,44.0,36.491286,127.25498,12,세종특별시
2026-06-21T14:05:05+09:00,GBIKE,131270,39.0,36.491286,127.256844,12,세종특별시
2026-06-21T14:05:05+09:00,GBIKE,131838,48.0,36.491293,127.304103,12,세종특별시
2026-06-21T14:05:05+09:00,GBIKE,131034,53.0,36.491325,127.258959,12,세종특별시
2026-06-21T14:05:05+09:00,GBIKE,131493,88.0,36.491339,127.257559,12,세종특별시
2026-06-21T14:05:05+09:00,GBIKE,131778,74.0,36.491363,127.258153,12,세종특별시
2026-06-21T14:05:05+09:00,GBIKE,130914,36.0,36.491378,127.258052,12,세종특별시
2026-06-21T14:05:05+09:00,GBIKE,501368,99.0,36.491383,127.258194,12,세종특별시
2026-06-21T14:05:05+09:00,GBIKE,501591,85.0,36.491387,127.258173,12,세종특별시
2026-06-21T14:05:05+09:00,GBIKE,131418,96.0,36.491387,127.256816,12,세종특별시
2026-06-21T14:05:05+09:00,GBIKE,130444,30.0,36.491394,127.256178,12,세종특별시
2026-06-21T14:05:05+09:00,GBIKE,131787,30.0,36.4914,127.258093,12,세종특별시
2026-06-21T14:05:05+09:00,GBIKE,131865,95.0,36.49141,127.256173,12,세종특별시
2026-06-21T14:05:05+09:00,GBIKE,131453,81.0,36.491412,127.256157,12,세종특별시
2026-06-21T14:05:05+09:00,GBIKE,131130,100.0,36.491412,127.258258,12,세종특별시
2026-06-21T14:05:05+09:00,GBIKE,131666,30.0,36.491431,127.256141,12,세종특별시
2026-06-21T14:05:05+09:00,GBIKE,130426,33.0,36.491432,127.324904,12,세종특별시
2026-06-21T14:05:05+09:00,GBIKE,131870,100.0,36.491439,127.260572,12,세종특별시
2026-06-21T14:05:05+09:00,GBIKE,131812,73.0,36.491451,127.258176,12,세종특별시
2026-06-21T14:05:05+09:00,GBIKE,131598,100.0,36.491459,127.260592,12,세종특별시
2026-06-21T14:05:05+09:00,GBIKE,130951,100.0,36.49148,127.256108,12,세종특별시
2026-06-21T14:05:05+09:00,GBIKE,130644,100.0,36.491488,127.256122,12,세종특별시
2026-06-21T14:05:05+09:00,GBIKE,131492,100.0,36.491493,127.256139,12,세종특별시
2026-06-21T14:05:05+09:00,GBIKE,131331,59.0,36.491493,127.256096,12,세종특별시
2026-06-21T14:05:05+09:00,GBIKE,130571,32.0,36.491504,127.256138,12,세종특별시
2026-06-21T14:05:05+09:00,GBIKE,130736,88.0,36.491508,127.256032,12,세종특별시
2026-06-21T14:05:05+09:00,GBIKE,131573,35.0,36.491509,127.257086,12,세종특별시
2026-06-21T14:05:05+09:00,GBIKE,131343,31.0,36.491511,127.256113,12,세종특별시
2026-06-21T14:05:05+09:00,GBIKE,131646,83.0,36.491515,127.25614,12,세종특별시
2026-06-21T14:05:05+09:00,GBIKE,131422,51.0,36.49152,127.256134,12,세종특별시
2026-06-21T14:05:05+09:00,GBIKE,130699,30.0,36.491521,127.256066,12,세종특별시
2026-06-21T14:05:05+09:00,GBIKE,130470,49.0,36.491528,127.256083,12,세종특별시
2026-06-21T14:05:05+09:00,GBIKE,131050,70.0,36.49154,127.259257,12,세종특별시
2026-06-21T14:05:05+09:00,GBIKE,131048,33.0,36.491545,127.256049,12,세종특별시
2026-06-21T14:05:05+09:00,GBIKE,131684,43.0,36.491582,127.256119,12,세종특별시
2026-06-21T14:05:05+09:00,GBIKE,130509,59.0,36.491607,127.256125,12,세종특별시
2026-06-21T14:05:05+09:00,GBIKE,131062,43.0,36.491607,127.257374,12,세종특별시
2026-06-21T14:05:05+09:00,GBIKE,130537,100.0,36.491611,127.256084,12,세종특별시
2026-06-21T14:05:05+09:00,GBIKE,131108,64.0,36.491624,127.257951,12,세종특별시
2026-06-21T14:05:05+09:00,GBIKE,130742,37.0,36.491646,127.246284,12,세종특별시
2026-06-21T14:05:05+09:00,GBIKE,131458,69.0,36.49165,127.260587,12,세종특별시
2026-06-21T14:05:05+09:00,GBIKE,501210,46.0,36.491655,127.241962,12,세종특별시
2026-06-21T14:05:05+09:00,GBIKE,130600,30.0,36.491671,127.249936,12,세종특별시
2026-06-21T14:05:05+09:00,GBIKE,501198,38.0,36.491696,127.261333,12,세종특별시
2026-06-21T14:05:05+09:00,GBIKE,130294,43.0,36.49171,127.246272,12,세종특별시
2026-06-21T14:05:05+09:00,GBIKE,131117,79.0,36.491736,127.25938,12,세종특별시
2026-06-21T14:05:05+09:00,GBIKE,130779,100.0,36.491751,127.2566,12,세종특별시
2026-06-21T14:05:05+09:00,GBIKE,130441,100.0,36.491765,127.2566,12,세종특별시
2026-06-21T14:05:05+09:00,GBIKE,131994,67.0,36.491772,127.256619,12,세종특별시
2026-06-21T14:05:05+09:00,GBIKE,130864,100.0,36.491784,127.256637,12,세종특별시
2026-06-21T14:05:05+09:00,GBIKE,130214,77.0,36.491831,127.303468,12,세종특별시
2026-06-21T14:05:05+09:00,GBIKE,130119,81.0,36.491839,127.256521,12,세종특별시
2026-06-21T14:05:05+09:00,GBIKE,501281,74.0,36.491881,127.269868,12,세종특별시
2026-06-21T14:05:05+09:00,GBIKE,501441,100.0,36.491903,127.256953,12,세종특별시
2026-06-21T14:05:05+09:00,GBIKE,131772,71.0,36.491907,127.262794,12,세종특별시
2026-06-21T14:05:05+09:00,GBIKE,130873,39.0,36.491947,127.249643,12,세종특별시
2026-06-21T14:05:05+09:00,GBIKE,501585,82.0,36.491958,127.257723,12,세종특별시
2026-06-21T14:05:05+09:00,GBIKE,131984,55.0,36.491975,127.26537,12,세종특별시
2026-06-21T14:05:05+09:00,GBIKE,130706,30.0,36.491993,127.322162,12,세종특별시
2026-06-21T14:05:05+09:00,GBIKE,130818,39.0,36.492052,127.257221,12,세종특별시
2026-06-21T14:05:05+09:00,GBIKE,130885,62.0,36.492053,127.261728,12,세종특별시
2026-06-21T14:05:05+09:00,GBIKE,130329,91.0,36.492065,127.241594,12,세종특별시
2026-06-21T14:05:05+09:00,GBIKE,130920,78.0,36.492066,127.321956,12,세종특별시
2026-06-21T14:05:05+09:00,GBIKE,501403,50.0,36.492073,127.256117,12,세종특별시
2026-06-21T14:05:05+09:00,GBIKE,131128,45.0,36.492121,127.256135,12,세종특별시
2026-06-21T14:05:05+09:00,GBIKE,501317,53.0,36.492189,127.257238,12,세종특별시
2026-06-21T14:05:05+09:00,GBIKE,501386,81.0,36.492217,127.262503,12,세종특별시
2026-06-21T14:05:05+09:00,GBIKE,130408,33.0,36.492219,127.241496,12,세종특별시
2026-06-21T14:05:05+09:00,GBIKE,131067,88.0,36.492289,127.302404,12,세종특별시
2026-06-21T14:05:05+09:00,GBIKE,130100,79.0,36.492399,127.241654,12,세종특별시
2026-06-21T14:05:05+09:00,GBIKE,501123,100.0,36.4924,127.262454,12,세종특별시
2026-06-21T14:05:05+09:00,GBIKE,501275,33.0,36.49242,127.324984,12,세종특별시
2026-06-21T14:05:05+09:00,GBIKE,501381,45.0,36.492503,127.303004,12,세종특별시
2026-06-21T14:05:05+09:00,GBIKE,501581,97.0,36.492547,127.303068,12,세종특별시
2026-06-21T14:05:05+09:00,GBIKE,130654,38.0,36.492563,127.244183,12,세종특별시
2026-06-21T14:05:05+09:00,GBIKE,131568,35.0,36.492568,127.255854,12,세종특별시
2026-06-21T14:05:05+09:00,GBIKE,501320,74.0,36.49258,127.26115,12,세종특별시
2026-06-21T14:05:05+09:00,GBIKE,501142,35.0,36.49259,127.269785,12,세종특별시
2026-06-21T14:05:05+09:00,GBIKE,130143,66.0,36.492607,127.255187,12,세종특별시
2026-06-21T14:05:05+09:00,GBIKE,130991,100.0,36.492615,127.303083,12,세종특별시
2026-06-21T14:05:05+09:00,GBIKE,131315,74.0,36.492627,127.303061,12,세종특별시
2026-06-21T14:05:05+09:00,GBIKE,131455,95.0,36.492629,127.303043,12,세종특별시
2026-06-21T14:05:05+09:00,GBIKE,131414,57.0,36.492645,127.305097,12,세종특별시
2026-06-21T14:05:05+09:00,GBIKE,501574,86.0,36.492653,127.255076,12,세종특별시
2026-06-21T14:05:05+09:00,GBIKE,501217,95.0,36.492655,127.241783,12,세종특별시
2026-06-21T14:05:05+09:00,GBIKE,130819,44.0,36.49268,127.320326,12,세종특별시
2026-06-21T14:05:05+09:00,GBIKE,131679,98.0,36.492771,127.241553,12,세종특별시
2026-06-21T14:05:05+09:00,GBIKE,131898,68.0,36.492861,127.257511,12,세종특별시
2026-06-21T14:05:05+09:00,GBIKE,130969,94.0,36.492899,127.302115,12,세종특별시
2026-06-21T14:05:05+09:00,GBIKE,131002,91.0,36.492926,127.249084,12,세종특별시
2026-06-21T14:05:05+09:00,GBIKE,131412,82.0,36.492982,127.255389,12,세종특별시
2026-06-21T14:05:05+09:00,GBIKE,501367,44.0,36.49301,127.254706,12,세종특별시
2026-06-21T14:05:05+09:00,GBIKE,501189,94.0,36.493045,127.257204,12,세종특별시
2026-06-21T14:05:05+09:00,GBIKE,501137,83.0,36.493198,127.301422,12,세종특별시
2026-06-21T14:05:05+09:00,GBIKE,131749,31.0,36.493289,127.255973,12,세종특별시
2026-06-21T14:05:05+09:00,GBIKE,131218,30.0,36.493609,127.2492,12,세종특별시
2026-06-21T14:05:05+09:00,GBIKE,131115,59.0,36.493641,127.301428,12,세종특별시
2026-06-21T14:05:05+09:00,GBIKE,131575,92.0,36.493693,127.249487,12,세종특별시
2026-06-21T14:05:05+09:00,GBIKE,130146,56.0,36.493704,127.2561,12,세종특별시
2026-06-21T14:05:05+09:00,GBIKE,130849,69.0,36.493713,127.256041,12,세종특별시
2026-06-21T14:05:05+09:00,GBIKE,131926,30.0,36.493726,127.256071,12,세종특별시
2026-06-21T14:05:05+09:00,GBIKE,130215,66.0,36.49374,127.256103,12,세종특별시
2026-06-21T14:05:05+09:00,GBIKE,131481,100.0,36.493759,127.25611,12,세종특별시
2026-06-21T14:05:05+09:00,GBIKE,131203,99.0,36.493761,127.256151,12,세종특별시
2026-06-21T14:05:05+09:00,GBIKE,131571,100.0,36.493768,127.256108,12,세종특별시
2026-06-21T14:05:05+09:00,GBIKE,131390,43.0,36.493773,127.256042,12,세종특별시
2026-06-21T14:05:05+09:00,GBIKE,131851,30.0,36.493795,127.325488,12,세종특별시
2026-06-21T14:05:05+09:00,GBIKE,501115,33.0,36.493841,127.255566,12,세종특별시
2026-06-21T14:05:05+09:00,GBIKE,131751,33.0,36.493874,127.248504,12,세종특별시
2026-06-21T14:05:05+09:00,GBIKE,131106,93.0,36.493876,127.248338,12,세종특별시
2026-06-21T14:05:05+09:00,GBIKE,130962,39.0,36.493938,127.261467,12,세종특별시
2026-06-21T14:05:05+09:00,GBIKE,501542,55.0,36.493964,127.261449,12,세종특별시
2026-06-21T14:05:05+09:00,GBIKE,130136,32.0,36.494022,127.248883,12,세종특별시
2026-06-21T14:05:05+09:00,GBIKE,131706,30.0,36.494065,127.2489,12,세종특별시
2026-06-21T14:05:05+09:00,GBIKE,131437,39.0,36.494072,127.261434,12,세종특별시
2026-06-21T14:05:05+09:00,GBIKE,130305,90.0,36.494088,127.256119,12,세종특별시
2026-06-21T14:05:05+09:00,GBIKE,130505,35.0,36.494244,127.249492,12,세종특별시
2026-06-21T14:05:05+09:00,GBIKE,131260,49.0,36.494244,127.249316,12,세종특별시
2026-06-21T14:05:05+09:00,GBIKE,130300,92.0,36.494249,127.249465,12,세종특별시
2026-06-21T14:05:05+09:00,GBIKE,131873,33.0,36.494279,127.252543,12,세종특별시
2026-06-21T14:05:05+09:00,GBIKE,131200,32.0,36.494284,127.248659,12,세종특별시
2026-06-21T14:05:05+09:00,GBIKE,131155,68.0,36.494302,127.250047,12,세종특별시
2026-06-21T14:05:05+09:00,GBIKE,130479,45.0,36.494304,127.249634,12,세종특별시
2026-06-21T14:05:05+09:00,GBIKE,501345,59.0,36.494332,127.249518,12,세종특별시
2026-06-21T14:05:05+09:00,GBIKE,130236,60.0,36.494342,127.25312,12,세종특별시
2026-06-21T14:05:05+09:00,GBIKE,131252,41.0,36.494347,127.248807,12,세종특별시
2026-06-21T14:05:05+09:00,GBIKE,130149,51.0,36.494354,127.248857,12,세종특별시
2026-06-21T14:05:05+09:00,GBIKE,131079,85.0,36.494374,127.248846,12,세종특별시
2026-06-21T14:05:05+09:00,GBIKE,131101,43.0,36.49438,127.318382,12,세종특별시
2026-06-21T14:05:05+09:00,GBIKE,131358,75.0,36.494392,127.30228,12,세종특별시
2026-06-21T14:05:05+09:00,GBIKE,130198,39.0,36.494467,127.249697,12,세종특별시
2026-06-21T14:05:05+09:00,GBIKE,130164,89.0,36.494482,127.248296,12,세종특별시
2026-06-21T14:05:05+09:00,GBIKE,130108,49.0,36.494492,127.246913,12,세종특별시
2026-06-21T14:05:05+09:00,GBIKE,130551,48.0,36.4945,127.254754,12,세종특별시
2026-06-21T14:05:05+09:00,GBIKE,131790,30.0,36.494502,127.25614,12,세종특별시
2026-06-21T14:05:05+09:00,GBIKE,130881,68.0,36.494504,127.246915,12,세종특별시
2026-06-21T14:05:05+09:00,GBIKE,130226,87.0,36.49454,127.255996,12,세종특별시
2026-06-21T14:05:05+09:00,GBIKE,131600,91.0,36.494542,127.249913,12,세종특별시
2026-06-21T14:05:05+09:00,GBIKE,130865,31.0,36.494545,127.249672,12,세종특별시
2026-06-21T14:05:05+09:00,GBIKE,130259,32.0,36.494552,127.260752,12,세종특별시
2026-06-21T14:05:05+09:00,GBIKE,501167,68.0,36.494559,127.252951,12,세종특별시
2026-06-21T14:05:05+09:00,GBIKE,131264,32.0,36.494579,127.260699,12,세종특별시
2026-06-21T14:05:05+09:00,GBIKE,501128,48.0,36.494585,127.240658,12,세종특별시
2026-06-21T14:05:05+09:00,GBIKE,131674,31.0,36.494587,127.256278,12,세종특별시
2026-06-21T14:05:05+09:00,GBIKE,131277,100.0,36.494612,127.260756,12,세종특별시
2026-06-21T14:05:05+09:00,GBIKE,130135,52.0,36.494623,127.24968,12,세종특별시
2026-06-21T14:05:05+09:00,GBIKE,131639,87.0,36.494635,127.260725,12,세종특별시
2026-06-21T14:05:05+09:00,GBIKE,130183,87.0,36.494644,127.256299,12,세종특별시
2026-06-21T14:05:05+09:00,GBIKE,131178,61.0,36.49466,127.254239,12,세종특별시
2026-06-21T14:05:05+09:00,GBIKE,130968,30.0,36.494664,127.249166,12,세종특별시
2026-06-21T14:05:05+09:00,GBIKE,131376,77.0,36.494669,127.248425,12,세종특별시
2026-06-21T14:05:05+09:00,GBIKE,130806,32.0,36.494688,127.241398,12,세종특별시
2026-06-21T14:05:05+09:00,GBIKE,130805,72.0,36.494692,127.256355,12,세종특별시
2026-06-21T14:05:05+09:00,GBIKE,131502,71.0,36.494706,127.256336,12,세종특별시
2026-06-21T14:05:05+09:00,GBIKE,131798,82.0,36.494717,127.26062,12,세종특별시
2026-06-21T14:05:05+09:00,GBIKE,131690,92.0,36.494718,127.256342,12,세종특별시
2026-06-21T14:05:05+09:00,GBIKE,501342,67.0,36.494719,127.24971,12,세종특별시
2026-06-21T14:05:05+09:00,GBIKE,130874,98.0,36.494722,127.240622,12,세종특별시
2026-06-21T14:05:05+09:00,GBIKE,131678,33.0,36.494728,127.249706,12,세종특별시
2026-06-21T14:05:05+09:00,GBIKE,130760,41.0,36.494731,127.249697,12,세종특별시
2026-06-21T14:05:05+09:00,GBIKE,130615,30.0,36.494734,127.249727,12,세종특별시
2026-06-21T14:05:05+09:00,GBIKE,501165,72.0,36.494738,127.240589,12,세종특별시
2026-06-21T14:05:05+09:00,GBIKE,131625,33.0,36.494742,127.249763,12,세종특별시
2026-06-21T14:05:05+09:00,GBIKE,501534,79.0,36.494753,127.30606,12,세종특별시
2026-06-21T14:05:05+09:00,GBIKE,131822,100.0,36.494753,127.246957,12,세종특별시
2026-06-21T14:05:05+09:00,GBIKE,130252,30.0,36.494816,127.248787,12,세종특별시
2026-06-21T14:05:05+09:00,GBIKE,131748,59.0,36.494822,127.256421,12,세종특별시
2026-06-21T14:05:05+09:00,GBIKE,131589,39.0,36.494841,127.250091,12,세종특별시
2026-06-21T14:05:05+09:00,GBIKE,501570,100.0,36.494857,127.244747,12,세종특별시
2026-06-21T14:05:05+09:00,GBIKE,131349,62.0,36.494873,127.249229,12,세종특별시
2026-06-21T14:05:05+09:00,GBIKE,501410,48.0,36.494909,127.251972,12,세종특별시
2026-06-21T14:05:05+09:00,GBIKE,131883,32.0,36.494913,127.325376,12,세종특별시
2026-06-21T14:05:05+09:00,GBIKE,501272,86.0,36.494927,127.248373,12,세종특별시
2026-06-21T14:05:05+09:00,GBIKE,130073,77.0,36.494943,127.257336,12,세종특별시
2026-06-21T14:05:05+09:00,GBIKE,131528,99.0,36.49501,127.302809,12,세종특별시
2026-06-21T14:05:05+09:00,GBIKE,130433,100.0,36.495023,127.255585,12,세종특별시
2026-06-21T14:05:05+09:00,GBIKE,131381,64.0,36.495023,127.249031,12,세종특별시
2026-06-21T14:05:05+09:00,GBIKE,501353,50.0,36.495039,127.255555,12,세종특별시
2026-06-21T14:05:05+09:00,GBIKE,131850,73.0,36.495047,127.249497,12,세종특별시
2026-06-21T14:05:05+09:00,GBIKE,130535,39.0,36.495053,127.25558,12,세종특별시
2026-06-21T14:05:05+09:00,GBIKE,131744,71.0,36.495071,127.255539,12,세종특별시
2026-06-21T14:05:05+09:00,GBIKE,131996,48.0,36.495073,127.25608,12,세종특별시
2026-06-21T14:05:05+09:00,GBIKE,131336,78.0,36.49512,127.248206,12,세종특별시
2026-06-21T14:05:05+09:00,GBIKE,130960,34.0,36.495133,127.256793,12,세종특별시
2026-06-21T14:05:05+09:00,GBIKE,131980,100.0,36.495146,127.262772,12,세종특별시
2026-06-21T14:05:05+09:00,GBIKE,131923,43.0,36.495169,127.24201,12,세종특별시
2026-06-21T14:05:05+09:00,GBIKE,501270,72.0,36.4952,127.303023,12,세종특별시
2026-06-21T14:05:05+09:00,GBIKE,501278,100.0,36.49522,127.248759,12,세종특별시
2026-06-21T14:05:05+09:00,GBIKE,131182,92.0,36.495235,127.209446,12,세종특별시
2026-06-21T14:05:05+09:00,GBIKE,131474,95.0,36.495236,127.30303,12,세종특별시
2026-06-21T14:05:05+09:00,GBIKE,131524,31.0,36.49525,127.248991,12,세종특별시
2026-06-21T14:05:05+09:00,GBIKE,131320,98.0,36.495324,127.248165,12,세종특별시
2026-06-21T14:05:05+09:00,GBIKE,130394,67.0,36.495409,127.256986,12,세종특별시
2026-06-21T14:05:05+09:00,GBIKE,130213,30.0,36.495423,127.264233,12,세종특별시
2026-06-21T14:05:05+09:00,GBIKE,131944,61.0,36.495427,127.264144,12,세종특별시
2026-06-21T14:05:05+09:00,GBIKE,501184,100.0,36.495472,127.248744,12,세종특별시
2026-06-21T14:05:05+09:00,GBIKE,130178,41.0,36.495487,127.2569,12,세종특별시
2026-06-21T14:05:05+09:00,GBIKE,130635,100.0,36.495506,127.263303,12,세종특별시
2026-06-21T14:05:05+09:00,GBIKE,501464,49.0,36.495534,127.241355,12,세종특별시
2026-06-21T14:05:05+09:00,GBIKE,130375,95.0,36.495543,127.249014,12,세종특별시
2026-06-21T14:05:05+09:00,GBIKE,130982,31.0,36.495555,127.248303,12,세종특별시
2026-06-21T14:05:05+09:00,GBIKE,131076,41.0,36.495563,127.256943,12,세종특별시
2026-06-21T14:05:05+09:00,GBIKE,131929,42.0,36.495569,127.249003,12,세종특별시
2026-06-21T14:05:05+09:00,GBIKE,501282,54.0,36.49558,127.317755,12,세종특별시
2026-06-21T14:05:05+09:00,GBIKE,130320,38.0,36.495592,127.259017,12,세종특별시
2026-06-21T14:05:05+09:00,GBIKE,130151,30.0,36.495616,127.249548,12,세종특별시
2026-06-21T14:05:05+09:00,GBIKE,501124,58.0,36.495641,127.25698,12,세종특별시
2026-06-21T14:05:05+09:00,GBIKE,130413,46.0,36.495645,127.258957,12,세종특별시
2026-06-21T14:05:05+09:00,GBIKE,501545,72.0,36.49565,127.256974,12,세종특별시
2026-06-21T14:05:05+09:00,GBIKE,131596,43.0,36.49567,127.24871,12,세종특별시
2026-06-21T14:05:05+09:00,GBIKE,131244,76.0,36.495673,127.317735,12,세종특별시
2026-06-21T14:05:05+09:00,GBIKE,131241,54.0,36.495712,127.241858,12,세종특별시
2026-06-21T14:05:05+09:00,GBIKE,131299,100.0,36.495748,127.26202,12,세종특별시
2026-06-21T14:05:05+09:00,GBIKE,131920,70.0,36.495781,127.303487,12,세종특별시
2026-06-21T14:05:05+09:00,GBIKE,130335,73.0,36.495796,127.249214,12,세종특별시
2026-06-21T14:05:05+09:00,GBIKE,130207,41.0,36.495875,127.251153,12,세종특별시
2026-06-21T14:05:05+09:00,GBIKE,130331,72.0,36.495879,127.251284,12,세종특별시
2026-06-21T14:05:05+09:00,GBIKE,130096,56.0,36.495936,127.243468,12,세종특별시
2026-06-21T14:05:05+09:00,GBIKE,131321,66.0,36.495955,127.23873,12,세종특별시
2026-06-21T14:05:05+09:00,GBIKE,130234,80.0,36.495962,127.238799,12,세종특별시
2026-06-21T14:05:05+09:00,GBIKE,131885,90.0,36.495967,127.238701,12,세종특별시
2026-06-21T14:05:05+09:00,GBIKE,131380,60.0,36.495976,127.24029,12,세종특별시
2026-06-21T14:05:05+09:00,GBIKE,130311,48.0,36.496,127.243141,12,세종특별시
2026-06-21T14:05:05+09:00,GBIKE,501479,50.0,36.496014,127.265089,12,세종특별시
2026-06-21T14:05:05+09:00,GBIKE,131114,100.0,36.496015,127.243186,12,세종특별시
2026-06-21T14:05:05+09:00,GBIKE,501351,73.0,36.496016,127.241272,12,세종특별시
2026-06-21T14:05:05+09:00,GBIKE,131392,74.0,36.49602,127.243289,12,세종특별시
2026-06-21T14:05:05+09:00,GBIKE,130940,63.0,36.496034,127.241184,12,세종특별시
2026-06-21T14:05:05+09:00,GBIKE,131978,67.0,36.496035,127.243251,12,세종특별시
2026-06-21T14:05:05+09:00,GBIKE,501258,38.0,36.496062,127.31002,12,세종특별시
2026-06-21T14:05:05+09:00,GBIKE,130652,48.0,36.496089,127.263492,12,세종특별시
2026-06-21T14:05:05+09:00,GBIKE,501120,100.0,36.496148,127.247246,12,세종특별시
2026-06-21T14:05:05+09:00,GBIKE,501289,54.0,36.496157,127.263484,12,세종특별시
2026-06-21T14:05:05+09:00,GBIKE,130727,87.0,36.496179,127.238547,12,세종특별시
2026-06-21T14:05:05+09:00,GBIKE,130068,87.0,36.496185,127.305656,12,세종특별시
2026-06-21T14:05:05+09:00,GBIKE,131609,36.0,36.496192,127.239666,12,세종특별시
2026-06-21T14:05:05+09:00,GBIKE,131058,50.0,36.496199,127.305624,12,세종특별시
2026-06-21T14:05:05+09:00,GBIKE,131618,61.0,36.496204,127.238531,12,세종특별시
2026-06-21T14:05:05+09:00,GBIKE,501548,94.0,36.496208,127.304719,12,세종특별시
2026-06-21T14:05:05+09:00,GBIKE,131286,88.0,36.496229,127.24168,12,세종특별시
2026-06-21T14:05:05+09:00,GBIKE,131162,30.0,36.496234,127.237853,12,세종특별시
2026-06-21T14:05:05+09:00,GBIKE,130483,74.0,36.496365,127.239138,12,세종특별시
2026-06-21T14:05:05+09:00,GBIKE,130981,98.0,36.496365,127.238828,12,세종특별시
2026-06-21T14:05:05+09:00,GBIKE,501476,100.0,36.496373,127.305557,12,세종특별시
2026-06-21T14:05:05+09:00,GBIKE,130783,95.0,36.496427,127.237475,12,세종특별시
2026-06-21T14:05:05+09:00,GBIKE,131599,31.0,36.49646,127.237507,12,세종특별시
2026-06-21T14:05:05+09:00,GBIKE,130966,88.0,36.496462,127.237484,12,세종특별시
2026-06-21T14:05:05+09:00,GBIKE,130427,62.0,36.496574,127.258589,12,세종특별시
2026-06-21T14:05:05+09:00,GBIKE,501477,94.0,36.496576,127.237321,12,세종특별시
2026-06-21T14:05:05+09:00,GBIKE,501391,83.0,36.496576,127.237326,12,세종특별시
2026-06-21T14:05:05+09:00,GBIKE,130057,30.0,36.496598,127.237301,12,세종특별시
2026-06-21T14:05:05+09:00,GBIKE,131265,50.0,36.496599,127.303824,12,세종특별시
2026-06-21T14:05:05+09:00,GBIKE,501311,94.0,36.49672,127.304642,12,세종특별시
2026-06-21T14:05:05+09:00,GBIKE,501220,30.0,36.496732,127.256249,12,세종특별시
2026-06-21T14:05:05+09:00,GBIKE,131370,58.0,36.496785,127.256944,12,세종특별시
2026-06-21T14:05:05+09:00,GBIKE,130533,30.0,36.497,127.249109,12,세종특별시
2026-06-21T14:05:05+09:00,GBIKE,501400,30.0,36.497038,127.253261,12,세종특별시
2026-06-21T14:05:05+09:00,GBIKE,501236,71.0,36.49708,127.257202,12,세종특별시
2026-06-21T14:05:05+09:00,GBIKE,131607,100.0,36.497117,127.256343,12,세종특별시
2026-06-21T14:05:05+09:00,GBIKE,130228,77.0,36.497339,127.310243,12,세종특별시
2026-06-21T14:05:05+09:00,GBIKE,131394,96.0,36.497371,127.24071,12,세종특별시
2026-06-21T14:05:05+09:00,GBIKE,130594,30.0,36.497447,127.30916,12,세종특별시
2026-06-21T14:05:05+09:00,GBIKE,131140,89.0,36.497461,127.309118,12,세종특별시
2026-06-21T14:05:05+09:00,GBIKE,131497,91.0,36.497476,127.255877,12,세종특별시
2026-06-21T14:05:05+09:00,GBIKE,501501,84.0,36.497535,127.260459,12,세종특별시
2026-06-21T14:05:05+09:00,GBIKE,131045,100.0,36.49754,127.315199,12,세종특별시
2026-06-21T14:05:05+09:00,GBIKE,130890,93.0,36.497555,127.313809,12,세종특별시
2026-06-21T14:05:05+09:00,GBIKE,130225,95.0,36.497558,127.313801,12,세종특별시
2026-06-21T14:05:05+09:00,GBIKE,131525,50.0,36.497628,127.245331,12,세종특별시
2026-06-21T14:05:05+09:00,GBIKE,130679,36.0,36.497652,127.257015,12,세종특별시
2026-06-21T14:05:05+09:00,GBIKE,130879,33.0,36.497662,127.249135,12,세종특별시
2026-06-21T14:05:05+09:00,GBIKE,130032,67.0,36.497678,127.235352,12,세종특별시
2026-06-21T14:05:05+09:00,GBIKE,131750,55.0,36.497683,127.25988,12,세종특별시
2026-06-21T14:05:05+09:00,GBIKE,131797,93.0,36.49769,127.259998,12,세종특별시
2026-06-21T14:05:05+09:00,GBIKE,131764,74.0,36.497715,127.235229,12,세종특별시
2026-06-21T14:05:05+09:00,GBIKE,131204,54.0,36.497729,127.316922,12,세종특별시
2026-06-21T14:05:05+09:00,GBIKE,131590,31.0,36.497802,127.243249,12,세종특별시
2026-06-21T14:05:05+09:00,GBIKE,130281,58.0,36.497807,127.311541,12,세종특별시
2026-06-21T14:05:05+09:00,GBIKE,131443,34.0,36.497818,127.255786,12,세종특별시
2026-06-21T14:05:05+09:00,GBIKE,131636,95.0,36.497843,127.259344,12,세종특별시
2026-06-21T14:05:05+09:00,GBIKE,130638,83.0,36.49786,127.259276,12,세종특별시
2026-06-21T14:05:05+09:00,GBIKE,130478,30.0,36.49787,127.311798,12,세종특별시
2026-06-21T14:05:05+09:00,GBIKE,131825,62.0,36.498101,127.25858,12,세종특별시
2026-06-21T14:05:05+09:00,GBIKE,131903,41.0,36.498108,127.309879,12,세종특별시
2026-06-21T14:05:05+09:00,GBIKE,130655,69.0,36.498128,127.258548,12,세종특별시
2026-06-21T14:05:05+09:00,GBIKE,130590,54.0,36.498174,127.264138,12,세종특별시
2026-06-21T14:05:05+09:00,GBIKE,130342,74.0,36.498258,127.233311,12,세종특별시
2026-06-21T14:05:05+09:00,GBIKE,131167,56.0,36.498518,127.313499,12,세종특별시
2026-06-21T14:05:05+09:00,GBIKE,130132,84.0,36.498559,127.265668,12,세종특별시
2026-06-21T14:05:05+09:00,GBIKE,131761,100.0,36.498585,127.255551,12,세종특별시
2026-06-21T14:05:05+09:00,GBIKE,131535,63.0,36.498597,127.25588,12,세종특별시
2026-06-21T14:05:05+09:00,GBIKE,131506,41.0,36.498664,127.267584,12,세종특별시
2026-06-21T14:05:05+09:00,GBIKE,131084,57.0,36.498681,127.31762,12,세종특별시
2026-06-21T14:05:05+09:00,GBIKE,130773,100.0,36.498717,127.254411,12,세종특별시
2026-06-21T14:05:05+09:00,GBIKE,131677,34.0,36.498748,127.233294,12,세종특별시
2026-06-21T14:05:05+09:00,GBIKE,501159,85.0,36.498755,127.286281,12,세종특별시
2026-06-21T14:05:05+09:00,GBIKE,501171,100.0,36.498813,127.329551,12,세종특별시
2026-06-21T14:05:05+09:00,GBIKE,131538,44.0,36.498874,127.317086,12,세종특별시
2026-06-21T14:05:05+09:00,GBIKE,336891,44.0,36.498906,127.249625,12,세종특별시
2026-06-21T14:05:05+09:00,GBIKE,130988,57.0,36.498965,127.256694,12,세종특별시
2026-06-21T14:05:05+09:00,GBIKE,131009,100.0,36.498972,127.25666,12,세종특별시
2026-06-21T14:05:05+09:00,GBIKE,501308,87.0,36.499,127.254679,12,세종특별시
2026-06-21T14:05:05+09:00,GBIKE,130131,98.0,36.499055,127.254526,12,세종특별시
2026-06-21T14:05:05+09:00,GBIKE,130043,59.0,36.499091,127.331882,12,세종특별시
2026-06-21T14:05:05+09:00,GBIKE,130137,54.0,36.499105,127.331839,12,세종특별시
2026-06-21T14:05:05+09:00,GBIKE,130268,98.0,36.499124,127.255123,12,세종특별시
2026-06-21T14:05:05+09:00,GBIKE,130703,59.0,36.499136,127.256098,12,세종특별시
2026-06-21T14:05:05+09:00,GBIKE,501576,100.0,36.49915,127.314447,12,세종특별시
2026-06-21T14:05:05+09:00,GBIKE,616900,56.0,36.499152,127.307621,12,세종특별시
2026-06-21T14:05:05+09:00,GBIKE,501152,95.0,36.499253,127.254615,12,세종특별시
2026-06-21T14:05:05+09:00,GBIKE,131367,56.0,36.499295,127.237001,12,세종특별시
2026-06-21T14:05:05+09:00,GBIKE,131057,96.0,36.499322,127.259611,12,세종특별시
2026-06-21T14:05:05+09:00,GBIKE,131735,39.0,36.499395,127.232571,12,세종특별시
2026-06-21T14:05:05+09:00,GBIKE,501104,100.0,36.499417,127.232244,12,세종특별시
2026-06-21T14:05:05+09:00,GBIKE,130971,39.0,36.499442,127.236389,12,세종특별시
2026-06-21T14:05:05+09:00,GBIKE,130385,52.0,36.499473,127.236408,12,세종특별시
2026-06-21T14:05:05+09:00,GBIKE,130607,52.0,36.499491,127.259096,12,세종특별시
2026-06-21T14:05:05+09:00,GBIKE,130834,100.0,36.499502,127.236359,12,세종특별시
2026-06-21T14:05:05+09:00,GBIKE,131758,46.0,36.499503,127.254533,12,세종특별시
2026-06-21T14:05:05+09:00,GBIKE,131500,46.0,36.499509,127.23922,12,세종특별시
2026-06-21T14:05:05+09:00,GBIKE,131871,81.0,36.499513,127.236382,12,세종특별시
2026-06-21T14:05:05+09:00,GBIKE,131687,35.0,36.499524,127.234558,12,세종특별시
2026-06-21T14:05:05+09:00,GBIKE,501438,42.0,36.499529,127.269561,12,세종특별시
2026-06-21T14:05:05+09:00,GBIKE,501449,81.0,36.499554,127.31246,12,세종특별시
2026-06-21T14:05:05+09:00,GBIKE,374246,30.0,36.499555,127.240646,12,세종특별시
2026-06-21T14:05:05+09:00,GBIKE,130224,53.0,36.499582,127.26618,12,세종특별시
2026-06-21T14:05:05+09:00,GBIKE,501503,62.0,36.499594,127.269397,12,세종특별시
2026-06-21T14:05:05+09:00,GBIKE,130175,57.0,36.499597,127.335305,12,세종특별시
2026-06-21T14:05:05+09:00,GBIKE,130355,94.0,36.49962,127.235749,12,세종특별시
2026-06-21T14:05:05+09:00,GBIKE,501260,95.0,36.499699,127.269852,12,세종특별시
2026-06-21T14:05:05+09:00,GBIKE,130403,37.0,36.499701,127.244841,12,세종특별시
2026-06-21T14:05:05+09:00,GBIKE,501465,58.0,36.499705,127.269847,12,세종특별시
2026-06-21T14:05:05+09:00,GBIKE,131482,83.0,36.499747,127.255944,12,세종특별시
2026-06-21T14:05:05+09:00,GBIKE,131887,43.0,36.499771,127.241984,12,세종특별시
2026-06-21T14:05:05+09:00,GBIKE,130263,100.0,36.499794,127.241959,12,세종특별시
2026-06-21T14:05:05+09:00,GBIKE,501509,89.0,36.499796,127.241872,12,세종특별시
2026-06-21T14:05:05+09:00,GBIKE,131174,73.0,36.499811,127.24228,12,세종특별시
2026-06-21T14:05:05+09:00,GBIKE,501299,95.0,36.499861,127.256832,12,세종특별시
2026-06-21T14:05:05+09:00,GBIKE,131400,84.0,36.499888,127.232374,12,세종특별시
2026-06-21T14:05:05+09:00,GBIKE,131741,100.0,36.499904,127.232395,12,세종특별시
2026-06-21T14:05:05+09:00,GBIKE,130334,36.0,36.499933,127.242909,12,세종특별시
2026-06-21T14:05:05+09:00,GBIKE,501428,51.0,36.500004,127.260352,12,세종특별시
2026-06-21T14:05:05+09:00,GBIKE,131024,95.0,36.500039,127.234741,12,세종특별시
2026-06-21T14:05:05+09:00,GBIKE,337807,51.0,36.500041,127.235431,12,세종특별시
2026-06-21T14:05:05+09:00,GBIKE,131129,43.0,36.500045,127.235587,12,세종특별시
2026-06-21T14:05:05+09:00,GBIKE,131456,71.0,36.500045,127.235579,12,세종특별시
2026-06-21T14:05:05+09:00,GBIKE,131146,74.0,36.500046,127.235607,12,세종특별시
2026-06-21T14:05:05+09:00,GBIKE,130012,58.0,36.500048,127.235866,12,세종특별시
2026-06-21T14:05:05+09:00,GBIKE,131876,90.0,36.500048,127.235626,12,세종특별시
2026-06-21T14:05:05+09:00,GBIKE,130816,94.0,36.500049,127.235558,12,세종특별시
2026-06-21T14:05:05+09:00,GBIKE,501357,51.0,36.500053,127.312773,12,세종특별시
2026-06-21T14:05:05+09:00,GBIKE,131655,47.0,36.500054,127.235687,12,세종특별시
2026-06-21T14:05:05+09:00,GBIKE,501116,77.0,36.500056,127.235487,12,세종특별시
2026-06-21T14:05:05+09:00,GBIKE,131141,68.0,36.50006,127.260304,12,세종특별시
2026-06-21T14:05:05+09:00,GBIKE,501358,75.0,36.500061,127.235712,12,세종특별시
2026-06-21T14:05:05+09:00,GBIKE,131974,57.0,36.500065,127.235575,12,세종특별시
2026-06-21T14:05:05+09:00,GBIKE,131807,41.0,36.500067,127.235486,12,세종특별시
2026-06-21T14:05:05+09:00,GBIKE,131112,35.0,36.500069,127.235513,12,세종특별시
2026-06-21T14:05:05+09:00,GBIKE,131638,66.0,36.500069,127.235505,12,세종특별시
2026-06-21T14:05:05+09:00,GBIKE,130812,45.0,36.500073,127.235606,12,세종특별시
2026-06-21T14:05:05+09:00,GBIKE,131905,96.0,36.500073,127.235489,12,세종특별시
2026-06-21T14:05:05+09:00,GBIKE,131219,94.0,36.500093,127.236007,12,세종특별시
2026-06-21T14:05:05+09:00,GBIKE,131828,92.0,36.500094,127.235663,12,세종특별시
2026-06-21T14:05:05+09:00,GBIKE,130712,100.0,36.500136,127.236051,12,세종특별시
2026-06-21T14:05:05+09:00,GBIKE,130959,58.0,36.500164,127.267726,12,세종특별시
2026-06-21T14:05:05+09:00,GBIKE,501346,100.0,36.500179,127.332168,12,세종특별시
2026-06-21T14:05:05+09:00,GBIKE,130445,48.0,36.500212,127.236043,12,세종특별시
2026-06-21T14:05:05+09:00,GBIKE,501475,95.0,36.500233,127.235755,12,세종특별시
2026-06-21T14:05:05+09:00,GBIKE,131691,98.0,36.500257,127.235988,12,세종특별시
2026-06-21T14:05:05+09:00,GBIKE,501149,52.0,36.500258,127.314083,12,세종특별시
2026-06-21T14:05:05+09:00,GBIKE,131334,95.0,36.500276,127.236053,12,세종특별시
2026-06-21T14:05:05+09:00,GBIKE,131323,67.0,36.500316,127.324521,12,세종특별시
2026-06-21T14:05:05+09:00,GBIKE,501421,51.0,36.500422,127.309793,12,세종특별시
2026-06-21T14:05:05+09:00,GBIKE,501578,54.0,36.500438,127.261602,12,세종특별시
2026-06-21T14:05:05+09:00,GBIKE,130446,99.0,36.500526,127.258444,12,세종특별시
2026-06-21T14:05:05+09:00,GBIKE,130276,54.0,36.500564,127.258464,12,세종특별시
2026-06-21T14:05:05+09:00,GBIKE,130787,48.0,36.500648,127.249422,12,세종특별시
2026-06-21T14:05:05+09:00,GBIKE,501434,60.0,36.500668,127.258017,12,세종특별시
2026-06-21T14:05:05+09:00,GBIKE,130359,83.0,36.500676,127.257917,12,세종특별시
2026-06-21T14:05:05+09:00,GBIKE,130195,96.0,36.500677,127.257723,12,세종특별시
2026-06-21T14:05:05+09:00,GBIKE,131133,94.0,36.500685,127.268563,12,세종특별시
2026-06-21T14:05:05+09:00,GBIKE,501188,77.0,36.500688,127.268322,12,세종특별시
2026-06-21T14:05:05+09:00,GBIKE,130347,76.0,36.500689,127.249335,12,세종특별시
2026-06-21T14:05:05+09:00,GBIKE,130155,93.0,36.500691,127.257915,12,세종특별시
2026-06-21T14:05:05+09:00,GBIKE,501554,68.0,36.500695,127.308474,12,세종특별시
2026-06-21T14:05:05+09:00,GBIKE,130827,47.0,36.500716,127.25818,12,세종특별시
2026-06-21T14:05:05+09:00,GBIKE,131307,95.0,36.500734,127.265926,12,세종특별시
2026-06-21T14:05:05+09:00,GBIKE,131532,96.0,36.500735,127.26064,12,세종특별시
2026-06-21T14:05:05+09:00,GBIKE,130947,100.0,36.500757,127.258512,12,세종특별시
2026-06-21T14:05:05+09:00,GBIKE,130625,45.0,36.500764,127.268384,12,세종특별시
2026-06-21T14:05:05+09:00,GBIKE,130793,64.0,36.500811,127.258126,12,세종특별시
2026-06-21T14:05:05+09:00,GBIKE,131038,42.0,36.500816,127.258248,12,세종특별시
2026-06-21T14:05:05+09:00,GBIKE,130042,30.0,36.50084,127.332117,12,세종특별시
2026-06-21T14:05:05+09:00,GBIKE,130165,76.0,36.50085,127.268633,12,세종특별시
2026-06-21T14:05:05+09:00,GBIKE,130450,89.0,36.500856,127.258223,12,세종특별시
2026-06-21T14:05:05+09:00,GBIKE,131689,51.0,36.500901,127.258195,12,세종특별시
2026-06-21T14:05:05+09:00,GBIKE,130388,47.0,36.500924,127.249836,12,세종특별시
2026-06-21T14:05:05+09:00,GBIKE,131056,51.0,36.500925,127.257885,12,세종특별시
2026-06-21T14:05:05+09:00,GBIKE,131577,92.0,36.500942,127.257863,12,세종특별시
2026-06-21T14:05:05+09:00,GBIKE,501530,95.0,36.500964,127.259824,12,세종특별시
2026-06-21T14:05:05+09:00,GBIKE,130844,49.0,36.500989,127.25784,12,세종특별시
2026-06-21T14:05:05+09:00,GBIKE,501212,100.0,36.50101,127.308389,12,세종특별시
2026-06-21T14:05:05+09:00,GBIKE,130752,30.0,36.501015,127.315434,12,세종특별시
2026-06-21T14:05:05+09:00,GBIKE,130997,58.0,36.501065,127.245441,12,세종특별시
2026-06-21T14:05:05+09:00,GBIKE,131028,100.0,36.501097,127.255968,12,세종특별시
2026-06-21T14:05:05+09:00,GBIKE,501448,46.0,36.501265,127.313795,12,세종특별시
2026-06-21T14:05:05+09:00,GBIKE,130899,100.0,36.501274,127.256963,12,세종특별시
2026-06-21T14:05:05+09:00,GBIKE,501556,75.0,36.501293,127.25635,12,세종특별시
2026-06-21T14:05:05+09:00,GBIKE,131617,84.0,36.501315,127.313768,12,세종특별시
2026-06-21T14:05:05+09:00,GBIKE,130808,76.0,36.501335,127.256011,12,세종특별시
2026-06-21T14:05:05+09:00,GBIKE,130498,84.0,36.501366,127.268857,12,세종특별시
2026-06-21T14:05:05+09:00,GBIKE,501341,84.0,36.501371,127.256995,12,세종특별시
2026-06-21T14:05:05+09:00,GBIKE,131447,88.0,36.501378,127.243946,12,세종특별시
2026-06-21T14:05:05+09:00,GBIKE,130945,86.0,36.501391,127.264214,12,세종특별시
2026-06-21T14:05:05+09:00,GBIKE,131526,66.0,36.501394,127.268862,12,세종특별시
2026-06-21T14:05:05+09:00,GBIKE,130704,92.0,36.501468,127.244274,12,세종특별시
2026-06-21T14:05:05+09:00,GBIKE,130934,30.0,36.50148,127.313958,12,세종특별시
2026-06-21T14:05:05+09:00,GBIKE,131819,100.0,36.501484,127.24401,12,세종특별시
2026-06-21T14:05:05+09:00,GBIKE,131630,86.0,36.501488,127.243963,12,세종특별시
2026-06-21T14:05:05+09:00,GBIKE,131176,81.0,36.501525,127.26299,12,세종특별시
2026-06-21T14:05:05+09:00,GBIKE,130269,38.0,36.501531,127.329112,12,세종특별시
2026-06-21T14:05:05+09:00,GBIKE,131407,32.0,36.501531,127.259661,12,세종특별시
2026-06-21T14:05:05+09:00,GBIKE,501450,68.0,36.501556,127.329158,12,세종특별시
2026-06-21T14:05:05+09:00,GBIKE,131993,53.0,36.501562,127.329133,12,세종특별시
2026-06-21T14:05:05+09:00,GBIKE,501467,70.0,36.501564,127.264102,12,세종특별시
2026-06-21T14:05:05+09:00,GBIKE,130048,30.0,36.501665,127.259754,12,세종특별시
2026-06-21T14:05:05+09:00,GBIKE,130839,64.0,36.501682,127.260182,12,세종특별시
2026-06-21T14:05:05+09:00,GBIKE,130957,96.0,36.501682,127.260163,12,세종특별시
2026-06-21T14:05:05+09:00,GBIKE,131169,45.0,36.501698,127.236094,12,세종특별시
2026-06-21T14:05:05+09:00,GBIKE,130614,47.0,36.5017,127.258329,12,세종특별시
2026-06-21T14:05:05+09:00,GBIKE,131775,49.0,36.501701,127.263333,12,세종특별시
2026-06-21T14:05:05+09:00,GBIKE,501306,51.0,36.501712,127.236073,12,세종특별시
2026-06-21T14:05:05+09:00,GBIKE,131820,85.0,36.501725,127.223373,12,세종특별시
2026-06-21T14:05:05+09:00,GBIKE,501290,100.0,36.501743,127.265852,12,세종특별시
2026-06-21T14:05:05+09:00,GBIKE,130187,30.0,36.50177,127.243716,12,세종특별시
2026-06-21T14:05:05+09:00,GBIKE,501480,85.0,36.501802,127.258808,12,세종특별시
2026-06-21T14:05:05+09:00,GBIKE,131004,34.0,36.501808,127.235815,12,세종특별시
2026-06-21T14:05:05+09:00,GBIKE,130299,66.0,36.501883,127.241038,12,세종특별시
2026-06-21T14:05:05+09:00,GBIKE,130930,97.0,36.501938,127.244331,12,세종특별시
2026-06-21T14:05:05+09:00,GBIKE,131742,96.0,36.501942,127.265914,12,세종특별시
2026-06-21T14:05:05+09:00,GBIKE,501267,100.0,36.50196,127.235307,12,세종특별시
2026-06-21T14:05:05+09:00,GBIKE,131906,72.0,36.501965,127.265925,12,세종특별시
2026-06-21T14:05:05+09:00,GBIKE,130552,36.0,36.501967,127.235098,12,세종특별시
2026-06-21T14:05:05+09:00,GBIKE,501522,93.0,36.501968,127.262333,12,세종특별시
2026-06-21T14:05:05+09:00,GBIKE,131860,81.0,36.501988,127.247677,12,세종특별시
2026-06-21T14:05:05+09:00,GBIKE,130469,38.0,36.501994,127.24375,12,세종특별시
2026-06-21T14:05:05+09:00,GBIKE,501111,55.0,36.501998,127.262283,12,세종특별시
2026-06-21T14:05:05+09:00,GBIKE,131505,95.0,36.502011,127.247663,12,세종특별시
2026-06-21T14:05:05+09:00,GBIKE,131574,99.0,36.502012,127.236072,12,세종특별시
2026-06-21T14:05:05+09:00,GBIKE,130737,90.0,36.502019,127.248175,12,세종특별시
2026-06-21T14:05:05+09:00,GBIKE,131713,99.0,36.502019,127.248226,12,세종특별시
2026-06-21T14:05:05+09:00,GBIKE,130327,62.0,36.50205,127.236332,12,세종특별시
2026-06-21T14:05:05+09:00,GBIKE,501340,86.0,36.502067,127.236366,12,세종특별시
2026-06-21T14:05:05+09:00,GBIKE,130418,90.0,36.502088,127.248118,12,세종특별시
2026-06-21T14:05:05+09:00,GBIKE,130130,96.0,36.502126,127.247249,12,세종특별시
2026-06-21T14:05:05+09:00,GBIKE,130765,91.0,36.502127,127.236147,12,세종특별시
2026-06-21T14:05:05+09:00,GBIKE,131054,100.0,36.502145,127.247161,12,세종특별시
2026-06-21T14:05:05+09:00,GBIKE,501347,88.0,36.50216,127.247202,12,세종특별시
2026-06-21T14:05:05+09:00,GBIKE,130458,97.0,36.502161,127.247125,12,세종특별시
2026-06-21T14:05:05+09:00,GBIKE,130543,73.0,36.502169,127.247145,12,세종특별시
2026-06-21T14:05:05+09:00,GBIKE,130574,94.0,36.502171,127.247127,12,세종특별시
2026-06-21T14:05:05+09:00,GBIKE,501504,86.0,36.502185,127.250562,12,세종특별시
2026-06-21T14:05:05+09:00,GBIKE,131268,81.0,36.502185,127.248186,12,세종특별시
2026-06-21T14:05:05+09:00,GBIKE,130716,46.0,36.502192,127.247135,12,세종특별시
2026-06-21T14:05:05+09:00,GBIKE,131354,57.0,36.502193,127.247487,12,세종특별시
2026-06-21T14:05:05+09:00,GBIKE,131342,95.0,36.502198,127.260541,12,세종특별시
2026-06-21T14:05:05+09:00,GBIKE,131640,80.0,36.502198,127.260513,12,세종특별시
2026-06-21T14:05:05+09:00,GBIKE,501163,79.0,36.502202,127.250621,12,세종특별시
2026-06-21T14:05:05+09:00,GBIKE,130076,95.0,36.502206,127.246269,12,세종특별시
2026-06-21T14:05:05+09:00,GBIKE,130398,95.0,36.502209,127.247189,12,세종특별시
2026-06-21T14:05:05+09:00,GBIKE,131469,98.0,36.502211,127.248592,12,세종특별시
2026-06-21T14:05:05+09:00,GBIKE,629253,45.0,36.502214,127.248912,12,세종특별시
2026-06-21T14:05:05+09:00,GBIKE,130546,61.0,36.502248,127.247767,12,세종특별시
2026-06-21T14:05:05+09:00,GBIKE,130399,95.0,36.502275,127.260604,12,세종특별시
2026-06-21T14:05:05+09:00,GBIKE,131304,48.0,36.50229,127.248946,12,세종특별시
2026-06-21T14:05:05+09:00,GBIKE,131144,75.0,36.502295,127.248992,12,세종특별시
2026-06-21T14:05:05+09:00,GBIKE,501592,100.0,36.502296,127.251647,12,세종특별시
2026-06-21T14:05:05+09:00,GBIKE,130083,78.0,36.502299,127.260585,12,세종특별시
2026-06-21T14:05:05+09:00,GBIKE,131953,63.0,36.502305,127.260591,12,세종특별시
2026-06-21T14:05:05+09:00,GBIKE,130707,80.0,36.502308,127.260594,12,세종특별시
2026-06-21T14:05:05+09:00,GBIKE,131434,96.0,36.502321,127.260609,12,세종특별시
2026-06-21T14:05:05+09:00,GBIKE,131302,95.0,36.502364,127.257705,12,세종특별시
2026-06-21T14:05:05+09:00,GBIKE,131935,92.0,36.502404,127.242737,12,세종특별시
2026-06-21T14:05:05+09:00,GBIKE,130921,68.0,36.502425,127.242764,12,세종특별시
2026-06-21T14:05:05+09:00,GBIKE,130978,59.0,36.502473,127.258105,12,세종특별시
2026-06-21T14:05:05+09:00,GBIKE,130714,87.0,36.50252,127.266212,12,세종특별시
2026-06-21T14:05:05+09:00,GBIKE,131486,95.0,36.50255,127.266221,12,세종특별시
2026-06-21T14:05:05+09:00,GBIKE,131669,50.0,36.502597,127.333771,12,세종특별시
2026-06-21T14:05:05+09:00,GBIKE,131848,37.0,36.502772,127.232781,12,세종특별시
2026-06-21T14:05:05+09:00,GBIKE,131567,79.0,36.502816,127.26313,12,세종특별시
2026-06-21T14:05:05+09:00,GBIKE,130954,90.0,36.502827,127.266576,12,세종특별시
2026-06-21T14:05:05+09:00,GBIKE,130809,32.0,36.502883,127.260062,12,세종특별시
2026-06-21T14:05:05+09:00,GBIKE,130510,96.0,36.502902,127.266674,12,세종특별시
2026-06-21T14:05:05+09:00,GBIKE,131581,96.0,36.502953,127.242848,12,세종특별시
2026-06-21T14:05:05+09:00,GBIKE,130530,76.0,36.502969,127.237024,12,세종특별시
2026-06-21T14:05:05+09:00,GBIKE,130129,100.0,36.502978,127.334546,12,세종특별시
2026-06-21T14:05:05+09:00,GBIKE,130821,96.0,36.502983,127.237023,12,세종특별시
2026-06-21T14:05:05+09:00,GBIKE,131780,87.0,36.502987,127.23696,12,세종특별시
2026-06-21T14:05:05+09:00,GBIKE,130145,71.0,36.502998,127.237035,12,세종특별시
2026-06-21T14:05:05+09:00,GBIKE,130814,56.0,36.503011,127.240715,12,세종특별시
2026-06-21T14:05:05+09:00,GBIKE,131449,30.0,36.50302,127.250212,12,세종특별시
2026-06-21T14:05:05+09:00,GBIKE,131267,100.0,36.503033,127.334485,12,세종특별시
2026-06-21T14:05:05+09:00,GBIKE,130368,100.0,36.503037,127.33452,12,세종특별시
2026-06-21T14:05:05+09:00,GBIKE,131214,94.0,36.503038,127.33449,12,세종특별시
2026-06-21T14:05:05+09:00,GBIKE,131554,100.0,36.503042,127.334546,12,세종특별시
2026-06-21T14:05:05+09:00,GBIKE,131417,73.0,36.503043,127.252683,12,세종특별시
2026-06-21T14:05:05+09:00,GBIKE,131875,55.0,36.503043,127.334485,12,세종특별시
2026-06-21T14:05:05+09:00,GBIKE,130485,84.0,36.503096,127.244965,12,세종특별시
2026-06-21T14:05:05+09:00,GBIKE,501225,49.0,36.503174,127.236734,12,세종특별시
2026-06-21T14:05:05+09:00,GBIKE,501456,45.0,36.503233,127.335053,12,세종특별시
2026-06-21T14:05:05+09:00,GBIKE,130489,100.0,36.503238,127.335068,12,세종특별시
2026-06-21T14:05:05+09:00,GBIKE,130302,84.0,36.503249,127.335021,12,세종특별시
2026-06-21T14:05:05+09:00,GBIKE,130994,40.0,36.503259,127.334662,12,세종특별시
2026-06-21T14:05:05+09:00,GBIKE,131862,70.0,36.503275,127.250371,12,세종특별시
2026-06-21T14:05:05+09:00,GBIKE,131897,99.0,36.503307,127.245023,12,세종특별시
2026-06-21T14:05:05+09:00,GBIKE,130306,87.0,36.503327,127.240977,12,세종특별시
2026-06-21T14:05:05+09:00,GBIKE,131119,86.0,36.503409,127.33445,12,세종특별시
2026-06-21T14:05:05+09:00,GBIKE,131154,94.0,36.503424,127.265655,12,세종특별시
2026-06-21T14:05:05+09:00,GBIKE,131832,95.0,36.503444,127.334402,12,세종특별시
2026-06-21T14:05:05+09:00,GBIKE,131794,100.0,36.503481,127.334472,12,세종특별시
2026-06-21T14:05:05+09:00,GBIKE,131353,98.0,36.503498,127.334437,12,세종특별시
2026-06-21T14:05:05+09:00,GBIKE,130993,83.0,36.503536,127.334464,12,세종특별시
2026-06-21T14:05:05+09:00,GBIKE,130944,76.0,36.503566,127.24961,12,세종특별시
2026-06-21T14:05:05+09:00,GBIKE,130758,58.0,36.503573,127.261007,12,세종특별시
2026-06-21T14:05:05+09:00,GBIKE,131295,81.0,36.503578,127.240929,12,세종특별시
2026-06-21T14:05:05+09:00,GBIKE,130642,44.0,36.503606,127.265477,12,세종특별시
2026-06-21T14:05:05+09:00,GBIKE,501549,94.0,36.503627,127.26441,12,세종특별시
2026-06-21T14:05:05+09:00,GBIKE,130046,44.0,36.503642,127.236245,12,세종특별시
2026-06-21T14:05:05+09:00,GBIKE,131490,91.0,36.503661,127.266976,12,세종특별시
2026-06-21T14:05:05+09:00,GBIKE,501394,43.0,36.503705,127.250062,12,세종특별시
2026-06-21T14:05:05+09:00,GBIKE,130927,34.0,36.50371,127.236156,12,세종특별시
2026-06-21T14:05:05+09:00,GBIKE,130429,38.0,36.503748,127.235761,12,세종특별시
2026-06-21T14:05:05+09:00,GBIKE,130859,100.0,36.503753,127.261217,12,세종특별시
2026-06-21T14:05:05+09:00,GBIKE,131120,33.0,36.503773,127.249959,12,세종특별시
2026-06-21T14:05:05+09:00,GBIKE,130883,57.0,36.503796,127.261238,12,세종특별시
2026-06-21T14:05:05+09:00,GBIKE,130166,51.0,36.503797,127.265562,12,세종특별시
2026-06-21T14:05:05+09:00,GBIKE,131703,71.0,36.503797,127.261269,12,세종특별시
2026-06-21T14:05:05+09:00,GBIKE,131808,80.0,36.503799,127.261228,12,세종특별시
2026-06-21T14:05:05+09:00,GBIKE,131374,74.0,36.5038,127.250004,12,세종특별시
2026-06-21T14:05:05+09:00,GBIKE,501457,75.0,36.503801,127.261226,12,세종특별시
2026-06-21T14:05:05+09:00,GBIKE,130059,93.0,36.503802,127.25001,12,세종특별시
2026-06-21T14:05:05+09:00,GBIKE,131579,73.0,36.50381,127.261236,12,세종특별시
2026-06-21T14:05:05+09:00,GBIKE,501201,84.0,36.503812,127.261239,12,세종특별시
2026-06-21T14:05:05+09:00,GBIKE,501520,100.0,36.503819,127.261279,12,세종특별시
2026-06-21T14:05:05+09:00,GBIKE,130855,48.0,36.503839,127.26121,12,세종특별시
2026-06-21T14:05:05+09:00,GBIKE,130378,70.0,36.503869,127.261198,12,세종특별시
2026-06-21T14:05:05+09:00,GBIKE,130829,84.0,36.503879,127.261199,12,세종특별시
2026-06-21T14:05:05+09:00,GBIKE,130633,99.0,36.503887,127.261177,12,세종특별시
2026-06-21T14:05:05+09:00,GBIKE,131011,100.0,36.503891,127.261194,12,세종특별시
2026-06-21T14:05:05+09:00,GBIKE,131498,93.0,36.503896,127.271137,12,세종특별시
2026-06-21T14:05:05+09:00,GBIKE,130147,77.0,36.503913,127.261183,12,세종특별시
2026-06-21T14:05:05+09:00,GBIKE,130824,80.0,36.503933,127.261204,12,세종특별시
2026-06-21T14:05:05+09:00,GBIKE,501423,44.0,36.503937,127.261192,12,세종특별시
2026-06-21T14:05:05+09:00,GBIKE,130034,96.0,36.503945,127.266792,12,세종특별시
2026-06-21T14:05:05+09:00,GBIKE,131068,69.0,36.50395,127.234965,12,세종특별시
2026-06-21T14:05:05+09:00,GBIKE,131519,53.0,36.503956,127.261234,12,세종특별시
2026-06-21T14:05:05+09:00,GBIKE,131613,84.0,36.50398,127.266828,12,세종특별시
2026-06-21T14:05:05+09:00,GBIKE,131032,85.0,36.504035,127.270115,12,세종특별시
2026-06-21T14:05:05+09:00,GBIKE,130581,95.0,36.504062,127.265826,12,세종특별시
2026-06-21T14:05:05+09:00,GBIKE,130987,56.0,36.504064,127.240853,12,세종특별시
2026-06-21T14:05:05+09:00,GBIKE,501204,57.0,36.504071,127.240846,12,세종특별시
2026-06-21T14:05:05+09:00,GBIKE,501127,77.0,36.504093,127.240836,12,세종특별시
2026-06-21T14:05:05+09:00,GBIKE,342605,33.0,36.504121,127.235255,12,세종특별시
2026-06-21T14:05:05+09:00,GBIKE,130109,95.0,36.504125,127.270003,12,세종특별시
2026-06-21T14:05:05+09:00,GBIKE,130466,95.0,36.504126,127.261321,12,세종특별시
2026-06-21T14:05:05+09:00,GBIKE,131656,72.0,36.504136,127.244617,12,세종특별시
2026-06-21T14:05:05+09:00,GBIKE,131284,70.0,36.504145,127.244911,12,세종특별시
2026-06-21T14:05:05+09:00,GBIKE,501546,72.0,36.504147,127.244978,12,세종특별시
2026-06-21T14:05:05+09:00,GBIKE,131925,40.0,36.504148,127.244559,12,세종특별시
2026-06-21T14:05:05+09:00,GBIKE,130702,58.0,36.504162,127.252506,12,세종특별시
2026-06-21T14:05:05+09:00,GBIKE,131952,76.0,36.504182,127.270931,12,세종특별시
2026-06-21T14:05:05+09:00,GBIKE,130523,96.0,36.50422,127.270179,12,세종특별시
2026-06-21T14:05:05+09:00,GBIKE,130870,53.0,36.504228,127.26151,12,세종특별시
2026-06-21T14:05:05+09:00,GBIKE,131844,84.0,36.504259,127.262233,12,세종특별시
2026-06-21T14:05:05+09:00,GBIKE,131039,100.0,36.504276,127.261592,12,세종특별시
2026-06-21T14:05:05+09:00,GBIKE,131833,100.0,36.504289,127.252647,12,세종특별시
2026-06-21T14:05:05+09:00,GBIKE,131151,36.0,36.50431,127.235372,12,세종특별시
2026-06-21T14:05:05+09:00,GBIKE,131072,91.0,36.504321,127.261559,12,세종특별시
2026-06-21T14:05:05+09:00,GBIKE,130103,100.0,36.504342,127.252639,12,세종특별시
2026-06-21T14:05:05+09:00,GBIKE,131377,88.0,36.504358,127.270401,12,세종특별시
2026-06-21T14:05:05+09:00,GBIKE,131452,98.0,36.504369,127.270373,12,세종특별시
2026-06-21T14:05:05+09:00,GBIKE,130685,75.0,36.504463,127.262,12,세종특별시
2026-06-21T14:05:05+09:00,GBIKE,131671,63.0,36.504524,127.252138,12,세종특별시
2026-06-21T14:05:05+09:00,GBIKE,131473,98.0,36.504539,127.252025,12,세종특별시
2026-06-21T14:05:05+09:00,GBIKE,131158,60.0,36.504549,127.249901,12,세종특별시
2026-06-21T14:05:05+09:00,GBIKE,130222,99.0,36.504561,127.26754,12,세종특별시
2026-06-21T14:05:05+09:00,GBIKE,130588,98.0,36.504622,127.24986,12,세종특별시
2026-06-21T14:05:05+09:00,GBIKE,130616,39.0,36.50463,127.249941,12,세종특별시
2026-06-21T14:05:05+09:00,GBIKE,130384,73.0,36.504664,127.271254,12,세종특별시
2026-06-21T14:05:05+09:00,GBIKE,131916,100.0,36.504707,127.250561,12,세종특별시
2026-06-21T14:05:05+09:00,GBIKE,501273,60.0,36.504749,127.234096,12,세종특별시
2026-06-21T14:05:05+09:00,GBIKE,131006,60.0,36.504761,127.234077,12,세종특별시
2026-06-21T14:05:05+09:00,GBIKE,130838,70.0,36.504764,127.274621,12,세종특별시
2026-06-21T14:05:05+09:00,GBIKE,131236,30.0,36.504771,127.274543,12,세종특별시
2026-06-21T14:05:05+09:00,GBIKE,130804,92.0,36.504805,127.274639,12,세종특별시
2026-06-21T14:05:05+09:00,GBIKE,130167,89.0,36.504811,127.251447,12,세종특별시
2026-06-21T14:05:05+09:00,GBIKE,131718,30.0,36.504821,127.234123,12,세종특별시
2026-06-21T14:05:05+09:00,GBIKE,130301,38.0,36.504848,127.270951,12,세종특별시
2026-06-21T14:05:05+09:00,GBIKE,130796,65.0,36.504848,127.261661,12,세종특별시
2026-06-21T14:05:05+09:00,GBIKE,130624,88.0,36.504861,127.261628,12,세종특별시
2026-06-21T14:05:05+09:00,GBIKE,130815,83.0,36.504915,127.234708,12,세종특별시
2026-06-21T14:05:05+09:00,GBIKE,130417,45.0,36.504973,127.248592,12,세종특별시
2026-06-21T14:05:05+09:00,GBIKE,501572,64.0,36.504976,127.26134,12,세종특별시
2026-06-21T14:05:05+09:00,GBIKE,501535,100.0,36.504997,127.248541,12,세종특별시
2026-06-21T14:05:05+09:00,GBIKE,131512,57.0,36.505023,127.23493,12,세종특별시
2026-06-21T14:05:05+09:00,GBIKE,131316,54.0,36.505049,127.272546,12,세종특별시
2026-06-21T14:05:05+09:00,GBIKE,131987,32.0,36.505061,127.250233,12,세종특별시
2026-06-21T14:05:05+09:00,GBIKE,130491,61.0,36.505087,127.241488,12,세종특별시
2026-06-21T14:05:05+09:00,GBIKE,131254,100.0,36.505094,127.252736,12,세종특별시
2026-06-21T14:05:05+09:00,GBIKE,130019,56.0,36.505119,127.24293,12,세종특별시
2026-06-21T14:05:05+09:00,GBIKE,130139,94.0,36.505158,127.250189,12,세종특별시
2026-06-21T14:05:05+09:00,GBIKE,131914,56.0,36.505158,127.249413,12,세종특별시
2026-06-21T14:05:05+09:00,GBIKE,130592,48.0,36.505162,127.259158,12,세종특별시
2026-06-21T14:05:05+09:00,GBIKE,131695,38.0,36.505166,127.248548,12,세종특별시
2026-06-21T14:05:05+09:00,GBIKE,501178,48.0,36.505176,127.24713,12,세종특별시
2026-06-21T14:05:05+09:00,GBIKE,501211,48.0,36.505189,127.247336,12,세종특별시
2026-06-21T14:05:05+09:00,GBIKE,501301,32.0,36.505209,127.233904,12,세종특별시
2026-06-21T14:05:05+09:00,GBIKE,130578,69.0,36.50522,127.232851,12,세종특별시
2026-06-21T14:05:05+09:00,GBIKE,130238,84.0,36.505226,127.275547,12,세종특별시
2026-06-21T14:05:05+09:00,GBIKE,130799,95.0,36.505323,127.26755,12,세종특별시
2026-06-21T14:05:05+09:00,GBIKE,130507,100.0,36.505325,127.249271,12,세종특별시
2026-06-21T14:05:05+09:00,GBIKE,131582,99.0,36.505328,127.261456,12,세종특별시
2026-06-21T14:05:05+09:00,GBIKE,130144,96.0,36.505329,127.261455,12,세종특별시
2026-06-21T14:05:05+09:00,GBIKE,131430,100.0,36.505329,127.261471,12,세종특별시
2026-06-21T14:05:05+09:00,GBIKE,131773,96.0,36.50533,127.261451,12,세종특별시
2026-06-21T14:05:05+09:00,GBIKE,130036,88.0,36.505343,127.266688,12,세종특별시
2026-06-21T14:05:05+09:00,GBIKE,130640,95.0,36.505363,127.261488,12,세종특별시
2026-06-21T14:05:05+09:00,GBIKE,130792,95.0,36.505364,127.261505,12,세종특별시
2026-06-21T14:05:05+09:00,GBIKE,501584,75.0,36.505379,127.264812,12,세종특별시
2026-06-21T14:05:05+09:00,GBIKE,130128,92.0,36.50539,127.266494,12,세종특별시
2026-06-21T14:05:05+09:00,GBIKE,501519,90.0,36.505476,127.245568,12,세종특별시
2026-06-21T14:05:05+09:00,GBIKE,130557,74.0,36.505483,127.235684,12,세종특별시
2026-06-21T14:05:05+09:00,GBIKE,130456,90.0,36.505537,127.235414,12,세종특별시
2026-06-21T14:05:05+09:00,GBIKE,130275,45.0,36.505565,127.235443,12,세종특별시
2026-06-21T14:05:05+09:00,GBIKE,130284,67.0,36.505568,127.235326,12,세종특별시
2026-06-21T14:05:05+09:00,GBIKE,130209,71.0,36.505572,127.235424,12,세종특별시
2026-06-21T14:05:05+09:00,GBIKE,130538,47.0,36.505576,127.235309,12,세종특별시
2026-06-21T14:05:05+09:00,GBIKE,131365,84.0,36.50558,127.235384,12,세종특별시
2026-06-21T14:05:05+09:00,GBIKE,130700,84.0,36.505607,127.235342,12,세종특별시
2026-06-21T14:05:05+09:00,GBIKE,130587,51.0,36.505608,127.23538,12,세종특별시
2026-06-21T14:05:05+09:00,GBIKE,130206,95.0,36.50561,127.23534,12,세종특별시
2026-06-21T14:05:05+09:00,GBIKE,130935,37.0,36.505635,127.235323,12,세종특별시
2026-06-21T14:05:05+09:00,GBIKE,131606,53.0,36.505636,127.235042,12,세종특별시
2026-06-21T14:05:05+09:00,GBIKE,130280,80.0,36.505662,127.235279,12,세종특별시
2026-06-21T14:05:05+09:00,GBIKE,130266,42.0,36.505663,127.235259,12,세종특별시
2026-06-21T14:05:05+09:00,GBIKE,130337,100.0,36.505672,127.243991,12,세종특별시
2026-06-21T14:05:05+09:00,GBIKE,130579,62.0,36.505693,127.235122,12,세종특별시
2026-06-21T14:05:05+09:00,GBIKE,130863,46.0,36.505708,127.235224,12,세종특별시
2026-06-21T14:05:05+09:00,GBIKE,131441,65.0,36.505719,127.270043,12,세종특별시
2026-06-21T14:05:05+09:00,GBIKE,131932,42.0,36.505719,127.236693,12,세종특별시
2026-06-21T14:05:05+09:00,GBIKE,131520,30.0,36.505728,127.269923,12,세종특별시
2026-06-21T14:05:05+09:00,GBIKE,130828,80.0,36.505752,127.23516,12,세종특별시
2026-06-21T14:05:05+09:00,GBIKE,130176,85.0,36.505759,127.235135,12,세종특별시
2026-06-21T14:05:05+09:00,GBIKE,131992,34.0,36.505808,127.235137,12,세종특별시
2026-06-21T14:05:05+09:00,GBIKE,130223,96.0,36.505821,127.233815,12,세종특별시
2026-06-21T14:05:05+09:00,GBIKE,501229,87.0,36.505828,127.234482,12,세종특별시
2026-06-21T14:05:05+09:00,GBIKE,131020,79.0,36.505839,127.235148,12,세종특별시
2026-06-21T14:05:05+09:00,GBIKE,131042,61.0,36.505858,127.232994,12,세종특별시
2026-06-21T14:05:05+09:00,GBIKE,501221,48.0,36.505886,127.265225,12,세종특별시
2026-06-21T14:05:05+09:00,GBIKE,130117,68.0,36.505913,127.27301,12,세종특별시
2026-06-21T14:05:05+09:00,GBIKE,130472,86.0,36.50593,127.272942,12,세종특별시
2026-06-21T14:05:05+09:00,GBIKE,131884,58.0,36.505931,127.272954,12,세종특별시
2026-06-21T14:05:05+09:00,GBIKE,501478,93.0,36.505944,127.246211,12,세종특별시
2026-06-21T14:05:05+09:00,GBIKE,130286,32.0,36.505954,127.234286,12,세종특별시
2026-06-21T14:05:05+09:00,GBIKE,501575,65.0,36.506044,127.233492,12,세종특별시
2026-06-21T14:05:05+09:00,GBIKE,501523,43.0,36.506051,127.238671,12,세종특별시
2026-06-21T14:05:05+09:00,GBIKE,501170,66.0,36.506116,127.245251,12,세종특별시
2026-06-21T14:05:05+09:00,GBIKE,131085,50.0,36.506117,127.272537,12,세종특별시
2026-06-21T14:05:05+09:00,GBIKE,130852,76.0,36.506122,127.244961,12,세종특별시
2026-06-21T14:05:05+09:00,GBIKE,131273,32.0,36.506136,127.23469,12,세종특별시
2026-06-21T14:05:05+09:00,GBIKE,501493,64.0,36.506213,127.249648,12,세종특별시
2026-06-21T14:05:05+09:00,GBIKE,131781,64.0,36.506221,127.272987,12,세종특별시
2026-06-21T14:05:05+09:00,GBIKE,371780,30.0,36.506248,127.234743,12,세종특별시
2026-06-21T14:05:05+09:00,GBIKE,130124,92.0,36.506255,127.251119,12,세종특별시
2026-06-21T14:05:05+09:00,GBIKE,501539,77.0,36.506276,127.263264,12,세종특별시
2026-06-21T14:05:05+09:00,GBIKE,501257,63.0,36.506314,127.263183,12,세종특별시
2026-06-21T14:05:05+09:00,GBIKE,131360,48.0,36.506322,127.2372,12,세종특별시
2026-06-21T14:05:05+09:00,GBIKE,130970,50.0,36.506344,127.272763,12,세종특별시
2026-06-21T14:05:05+09:00,GBIKE,130677,47.0,36.506437,127.271614,12,세종특별시
2026-06-21T14:05:05+09:00,GBIKE,131247,87.0,36.506457,127.269908,12,세종특별시
2026-06-21T14:05:05+09:00,GBIKE,501551,69.0,36.506583,127.25864,12,세종특별시
2026-06-21T14:05:05+09:00,GBIKE,131224,100.0,36.506594,127.236874,12,세종특별시
2026-06-21T14:05:05+09:00,GBIKE,131408,95.0,36.506597,127.26993,12,세종특별시
2026-06-21T14:05:05+09:00,GBIKE,131576,32.0,36.506597,127.269859,12,세종특별시
2026-06-21T14:05:05+09:00,GBIKE,131688,30.0,36.506599,127.272778,12,세종특별시
2026-06-21T14:05:05+09:00,GBIKE,131770,35.0,36.506601,127.272776,12,세종특별시
2026-06-21T14:05:05+09:00,GBIKE,130801,66.0,36.506647,127.236708,12,세종특별시
2026-06-21T14:05:05+09:00,GBIKE,130534,76.0,36.506662,127.258289,12,세종특별시
2026-06-21T14:05:05+09:00,GBIKE,131728,51.0,36.506677,127.24966,12,세종특별시
2026-06-21T14:05:05+09:00,GBIKE,131135,96.0,36.506678,127.236733,12,세종특별시
2026-06-21T14:05:05+09:00,GBIKE,130986,85.0,36.506681,127.258266,12,세종특별시
2026-06-21T14:05:05+09:00,GBIKE,131440,39.0,36.506688,127.232091,12,세종특별시
2026-06-21T14:05:05+09:00,GBIKE,131461,78.0,36.506696,127.232111,12,세종특별시
2026-06-21T14:05:05+09:00,GBIKE,130099,55.0,36.506697,127.23669,12,세종특별시
2026-06-21T14:05:05+09:00,GBIKE,130980,91.0,36.506704,127.26708,12,세종특별시
2026-06-21T14:05:05+09:00,GBIKE,130134,82.0,36.506708,127.258273,12,세종특별시
2026-06-21T14:05:05+09:00,GBIKE,131702,100.0,36.506721,127.265842,12,세종특별시
2026-06-21T14:05:05+09:00,GBIKE,131230,88.0,36.506741,127.262868,12,세종특별시
2026-06-21T14:05:05+09:00,GBIKE,130379,99.0,36.50676,127.259922,12,세종특별시
2026-06-21T14:05:05+09:00,GBIKE,501243,48.0,36.506822,127.258282,12,세종특별시
2026-06-21T14:05:05+09:00,GBIKE,130443,76.0,36.506823,127.258601,12,세종특별시
2026-06-21T14:05:05+09:00,GBIKE,130409,71.0,36.506827,127.261394,12,세종특별시
2026-06-21T14:05:05+09:00,GBIKE,130197,95.0,36.506836,127.261404,12,세종특별시
2026-06-21T14:05:05+09:00,GBIKE,131310,54.0,36.506839,127.252032,12,세종특별시
2026-06-21T14:05:05+09:00,GBIKE,130071,67.0,36.506841,127.259099,12,세종특별시
2026-06-21T14:05:05+09:00,GBIKE,131073,71.0,36.506842,127.261422,12,세종특별시
2026-06-21T14:05:05+09:00,GBIKE,130293,54.0,36.506848,127.261436,12,세종특별시
2026-06-21T14:05:05+09:00,GBIKE,130903,71.0,36.506861,127.267679,12,세종특별시
2026-06-21T14:05:05+09:00,GBIKE,131017,42.0,36.506896,127.24966,12,세종특별시
2026-06-21T14:05:05+09:00,GBIKE,131572,94.0,36.506921,127.259799,12,세종특별시
2026-06-21T14:05:05+09:00,GBIKE,131187,65.0,36.506948,127.258492,12,세종특별시
2026-06-21T14:05:05+09:00,GBIKE,130231,100.0,36.506958,127.259848,12,세종특별시
2026-06-21T14:05:05+09:00,GBIKE,131892,64.0,36.506983,127.258493,12,세종특별시
2026-06-21T14:05:05+09:00,GBIKE,131015,76.0,36.506991,127.250852,12,세종특별시
2026-06-21T14:05:05+09:00,GBIKE,131022,69.0,36.506998,127.239426,12,세종특별시
2026-06-21T14:05:05+09:00,GBIKE,130256,100.0,36.50701,127.261666,12,세종특별시
2026-06-21T14:05:05+09:00,GBIKE,130623,69.0,36.50703,127.236671,12,세종특별시
2026-06-21T14:05:05+09:00,GBIKE,130156,57.0,36.507036,127.262026,12,세종특별시
2026-06-21T14:05:05+09:00,GBIKE,130095,98.0,36.507042,127.252045,12,세종특별시
2026-06-21T14:05:05+09:00,GBIKE,131977,69.0,36.507073,127.260863,12,세종특별시
2026-06-21T14:05:05+09:00,GBIKE,131972,51.0,36.507086,127.262061,12,세종특별시
2026-06-21T14:05:05+09:00,GBIKE,130561,50.0,36.507178,127.262046,12,세종특별시
2026-06-21T14:05:05+09:00,GBIKE,130922,78.0,36.507179,127.236552,12,세종특별시
2026-06-21T14:05:05+09:00,GBIKE,130150,72.0,36.50718,127.269362,12,세종특별시
2026-06-21T14:05:05+09:00,GBIKE,131352,93.0,36.507184,127.236611,12,세종특별시
2026-06-21T14:05:05+09:00,GBIKE,501109,92.0,36.507208,127.251213,12,세종특별시
2026-06-21T14:05:05+09:00,GBIKE,130112,71.0,36.507264,127.231401,12,세종특별시
2026-06-21T14:05:05+09:00,GBIKE,130919,86.0,36.507287,127.258319,12,세종특별시
2026-06-21T14:05:05+09:00,GBIKE,501213,50.0,36.507316,127.262074,12,세종특별시
2026-06-21T14:05:05+09:00,GBIKE,130179,64.0,36.507338,127.268948,12,세종특별시
2026-06-21T14:05:05+09:00,GBIKE,130168,53.0,36.507453,127.262015,12,세종특별시
2026-06-21T14:05:05+09:00,GBIKE,131584,95.0,36.507488,127.268462,12,세종특별시
2026-06-21T14:05:05+09:00,GBIKE,130049,31.0,36.507522,127.233275,12,세종특별시
2026-06-21T14:05:05+09:00,GBIKE,130582,69.0,36.507531,127.262037,12,세종특별시
2026-06-21T14:05:05+09:00,GBIKE,501393,51.0,36.507574,127.239452,12,세종특별시
2026-06-21T14:05:05+09:00,GBIKE,130082,95.0,36.507582,127.257157,12,세종특별시
2026-06-21T14:05:05+09:00,GBIKE,131049,56.0,36.507598,127.262553,12,세종특별시
2026-06-21T14:05:05+09:00,GBIKE,131755,72.0,36.507632,127.257808,12,세종특별시
2026-06-21T14:05:05+09:00,GBIKE,501338,96.0,36.50766,127.250218,12,세종특별시
2026-06-21T14:05:05+09:00,GBIKE,131604,96.0,36.507675,127.267608,12,세종특별시
2026-06-21T14:05:05+09:00,GBIKE,130696,93.0,36.50768,127.257708,12,세종특별시
2026-06-21T14:05:05+09:00,GBIKE,130629,100.0,36.507685,127.258224,12,세종특별시
2026-06-21T14:05:05+09:00,GBIKE,501253,44.0,36.507815,127.258298,12,세종특별시
2026-06-21T14:05:05+09:00,GBIKE,130467,51.0,36.507925,127.257488,12,세종특별시
2026-06-21T14:05:05+09:00,GBIKE,131339,84.0,36.507951,127.258937,12,세종특별시
2026-06-21T14:05:05+09:00,GBIKE,130562,78.0,36.507979,127.258919,12,세종특별시
2026-06-21T14:05:05+09:00,GBIKE,341583,38.0,36.507998,127.257881,12,세종특별시
2026-06-21T14:05:05+09:00,GBIKE,131869,97.0,36.50802,127.26197,12,세종특별시
2026-06-21T14:05:05+09:00,GBIKE,131877,100.0,36.508042,127.258872,12,세종특별시
2026-06-21T14:05:05+09:00,GBIKE,130848,100.0,36.508121,127.26138,12,세종특별시
2026-06-21T14:05:05+09:00,GBIKE,130407,73.0,36.508122,127.261425,12,세종특별시
2026-06-21T14:05:05+09:00,GBIKE,130125,41.0,36.508132,127.25777,12,세종특별시
2026-06-21T14:05:05+09:00,GBIKE,130948,56.0,36.508149,127.261976,12,세종특별시
2026-06-21T14:05:05+09:00,GBIKE,131603,50.0,36.508166,127.267544,12,세종특별시
2026-06-21T14:05:05+09:00,GBIKE,130950,78.0,36.508224,127.26137,12,세종특별시
2026-06-21T14:05:05+09:00,GBIKE,130079,74.0,36.508233,127.261403,12,세종특별시
2026-06-21T14:05:05+09:00,GBIKE,130810,70.0,36.508314,127.267014,12,세종특별시
2026-06-21T14:05:05+09:00,GBIKE,130757,90.0,36.508341,127.266951,12,세종특별시
2026-06-21T14:05:05+09:00,GBIKE,501146,92.0,36.508354,127.266772,12,세종특별시
2026-06-21T14:05:05+09:00,GBIKE,131837,96.0,36.508382,127.266784,12,세종특별시
2026-06-21T14:05:05+09:00,GBIKE,131229,77.0,36.508396,127.266585,12,세종특별시
2026-06-21T14:05:05+09:00,GBIKE,130739,70.0,36.508409,127.262648,12,세종특별시
2026-06-21T14:05:05+09:00,GBIKE,501569,40.0,36.508459,127.239148,12,세종특별시
2026-06-21T14:05:05+09:00,GBIKE,130030,83.0,36.508468,127.239098,12,세종특별시
2026-06-21T14:05:05+09:00,GBIKE,130365,65.0,36.508497,127.263302,12,세종특별시
2026-06-21T14:05:05+09:00,GBIKE,130912,91.0,36.508681,127.245108,12,세종특별시
2026-06-21T14:05:05+09:00,GBIKE,130210,45.0,36.508742,127.266161,12,세종특별시
2026-06-21T14:05:05+09:00,GBIKE,131029,47.0,36.508742,127.261793,12,세종특별시
2026-06-21T14:05:05+09:00,GBIKE,131938,39.0,36.50876,127.261704,12,세종특별시
2026-06-21T14:05:05+09:00,GBIKE,130826,41.0,36.508819,127.262568,12,세종특별시
2026-06-21T14:05:05+09:00,GBIKE,130314,98.0,36.508834,127.257381,12,세종특별시
2026-06-21T14:05:05+09:00,GBIKE,501429,94.0,36.508918,127.26594,12,세종특별시
2026-06-21T14:05:05+09:00,GBIKE,501417,46.0,36.508941,127.267167,12,세종특별시
2026-06-21T14:05:05+09:00,GBIKE,130254,69.0,36.509082,127.269587,12,세종특별시
2026-06-21T14:05:05+09:00,GBIKE,130608,41.0,36.509099,127.232308,12,세종특별시
2026-06-21T14:05:05+09:00,GBIKE,130356,37.0,36.509165,127.231925,12,세종특별시
2026-06-21T14:05:05+09:00,GBIKE,130611,85.0,36.509216,127.231931,12,세종특별시
2026-06-21T14:05:05+09:00,GBIKE,130740,81.0,36.509293,127.232308,12,세종특별시
2026-06-21T14:05:05+09:00,GBIKE,131857,41.0,36.509335,127.232289,12,세종특별시
2026-06-21T14:05:05+09:00,GBIKE,130307,100.0,36.509402,127.267844,12,세종특별시
2026-06-21T14:05:05+09:00,GBIKE,131366,97.0,36.509416,127.244406,12,세종특별시
2026-06-21T14:05:05+09:00,GBIKE,130953,100.0,36.509503,127.251085,12,세종특별시
2026-06-21T14:05:05+09:00,GBIKE,130840,47.0,36.509633,127.233602,12,세종특별시
2026-06-21T14:05:05+09:00,GBIKE,131467,30.0,36.509691,127.259478,12,세종특별시
2026-06-21T14:05:05+09:00,GBIKE,130606,80.0,36.509725,127.26489,12,세종특별시
2026-06-21T14:05:05+09:00,GBIKE,130995,87.0,36.509797,127.255005,12,세종특별시
2026-06-21T14:05:05+09:00,GBIKE,501343,49.0,36.509841,127.246274,12,세종특별시
2026-06-21T14:05:05+09:00,GBIKE,131550,45.0,36.509869,127.260446,12,세종특별시
2026-06-21T14:05:05+09:00,GBIKE,131066,58.0,36.509873,127.22957,12,세종특별시
2026-06-21T14:05:05+09:00,GBIKE,131881,82.0,36.509918,127.24607,12,세종특별시
2026-06-21T14:05:05+09:00,GBIKE,130631,36.0,36.509998,127.267275,12,세종특별시
2026-06-21T14:05:05+09:00,GBIKE,131171,98.0,36.51,127.250106,12,세종특별시
2026-06-21T14:05:05+09:00,GBIKE,501271,56.0,36.510039,127.246173,12,세종특별시
2026-06-21T14:05:05+09:00,GBIKE,131508,89.0,36.510065,127.264445,12,세종특별시
2026-06-21T14:05:05+09:00,GBIKE,130802,97.0,36.510101,127.264437,12,세종특별시
2026-06-21T14:05:05+09:00,GBIKE,130404,44.0,36.510108,127.23957,12,세종특별시
2026-06-21T14:05:05+09:00,GBIKE,130878,78.0,36.510247,127.267448,12,세종특별시
2026-06-21T14:05:05+09:00,GBIKE,131419,65.0,36.510274,127.230164,12,세종특별시
2026-06-21T14:05:05+09:00,GBIKE,131900,61.0,36.510401,127.233988,12,세종특별시
2026-06-21T14:05:05+09:00,GBIKE,130832,45.0,36.51041,127.262059,12,세종특별시
2026-06-21T14:05:05+09:00,GBIKE,131847,96.0,36.510418,127.231012,12,세종특별시
2026-06-21T14:05:05+09:00,GBIKE,131166,42.0,36.510441,127.239675,12,세종특별시
2026-06-21T14:05:05+09:00,GBIKE,131882,39.0,36.510446,127.239688,12,세종특별시
2026-06-21T14:05:05+09:00,GBIKE,130977,32.0,36.510448,127.239646,12,세종특별시
2026-06-21T14:05:05+09:00,GBIKE,130241,50.0,36.51046,127.231714,12,세종특별시
2026-06-21T14:05:05+09:00,GBIKE,131786,90.0,36.51048,127.231814,12,세종특별시
2026-06-21T14:05:05+09:00,GBIKE,131959,33.0,36.510489,127.231825,12,세종특별시
2026-06-21T14:05:05+09:00,GBIKE,130976,40.0,36.510501,127.233942,12,세종특별시
2026-06-21T14:05:05+09:00,GBIKE,131976,93.0,36.510507,127.231789,12,세종특별시
2026-06-21T14:05:05+09:00,GBIKE,130636,69.0,36.510508,127.231748,12,세종특별시
2026-06-21T14:05:05+09:00,GBIKE,131867,37.0,36.510512,127.231727,12,세종특별시
2026-06-21T14:05:05+09:00,GBIKE,131194,47.0,36.510529,127.231512,12,세종특별시
2026-06-21T14:05:05+09:00,GBIKE,501579,54.0,36.51053,127.246182,12,세종특별시
2026-06-21T14:05:05+09:00,GBIKE,131950,44.0,36.510531,127.231728,12,세종특별시
2026-06-21T14:05:05+09:00,GBIKE,130649,30.0,36.510532,127.23099,12,세종특별시
2026-06-21T14:05:05+09:00,GBIKE,130419,53.0,36.510541,127.230863,12,세종특별시
2026-06-21T14:05:05+09:00,GBIKE,131495,61.0,36.510542,127.230785,12,세종특별시
2026-06-21T14:05:05+09:00,GBIKE,131555,34.0,36.510543,127.267427,12,세종특별시
2026-06-21T14:05:05+09:00,GBIKE,130181,38.0,36.510549,127.23172,12,세종특별시
2026-06-21T14:05:05+09:00,GBIKE,130465,72.0,36.510564,127.230867,12,세종특별시
2026-06-21T14:05:05+09:00,GBIKE,130748,86.0,36.510564,127.230979,12,세종특별시
2026-06-21T14:05:05+09:00,GBIKE,131933,38.0,36.510565,127.241337,12,세종특별시
2026-06-21T14:05:05+09:00,GBIKE,131849,60.0,36.510571,127.258805,12,세종특별시
2026-06-21T14:05:05+09:00,GBIKE,501200,44.0,36.510575,127.261631,12,세종특별시
2026-06-21T14:05:05+09:00,GBIKE,612778,63.0,36.51058,127.246234,12,세종특별시
2026-06-21T14:05:05+09:00,GBIKE,130244,72.0,36.510602,127.26157,12,세종특별시
2026-06-21T14:05:05+09:00,GBIKE,130595,46.0,36.510616,127.239037,12,세종특별시
2026-06-21T14:05:05+09:00,GBIKE,130373,78.0,36.510626,127.239036,12,세종특별시
2026-06-21T14:05:05+09:00,GBIKE,501255,87.0,36.510629,127.246271,12,세종특별시
2026-06-21T14:05:05+09:00,GBIKE,501219,68.0,36.510639,127.24627,12,세종특별시
2026-06-21T14:05:05+09:00,GBIKE,130492,35.0,36.510646,127.241519,12,세종특별시
2026-06-21T14:05:05+09:00,GBIKE,130487,87.0,36.510683,127.243951,12,세종특별시
2026-06-21T14:05:05+09:00,GBIKE,131945,47.0,36.510687,127.24003,12,세종특별시
2026-06-21T14:05:05+09:00,GBIKE,130835,52.0,36.510695,127.232308,12,세종특별시
2026-06-21T14:05:05+09:00,GBIKE,130683,62.0,36.5107,127.231629,12,세종특별시
2026-06-21T14:05:05+09:00,GBIKE,130632,60.0,36.510712,127.231555,12,세종특별시
2026-06-21T14:05:05+09:00,GBIKE,131329,37.0,36.510746,127.231791,12,세종특별시
2026-06-21T14:05:05+09:00,GBIKE,501333,75.0,36.510747,127.243959,12,세종특별시
2026-06-21T14:05:05+09:00,GBIKE,131874,86.0,36.510749,127.243155,12,세종특별시
2026-06-21T14:05:05+09:00,GBIKE,130656,40.0,36.51077,127.231735,12,세종특별시
2026-06-21T14:05:05+09:00,GBIKE,131031,57.0,36.510775,127.23179,12,세종특별시
2026-06-21T14:05:05+09:00,GBIKE,130029,83.0,36.510776,127.242326,12,세종특별시
2026-06-21T14:05:05+09:00,GBIKE,131722,75.0,36.510776,127.231721,12,세종특별시
2026-06-21T14:05:05+09:00,GBIKE,131922,80.0,36.510777,127.231766,12,세종특별시
2026-06-21T14:05:05+09:00,GBIKE,130664,64.0,36.510781,127.241044,12,세종특별시
2026-06-21T14:05:05+09:00,GBIKE,131234,69.0,36.510784,127.231757,12,세종특별시
2026-06-21T14:05:05+09:00,GBIKE,501360,76.0,36.510788,127.241023,12,세종특별시
2026-06-21T14:05:05+09:00,GBIKE,130486,91.0,36.510792,127.232191,12,세종특별시
2026-06-21T14:05:05+09:00,GBIKE,130603,55.0,36.510794,127.243563,12,세종특별시
2026-06-21T14:05:05+09:00,GBIKE,130402,89.0,36.510816,127.231769,12,세종특별시
2026-06-21T14:05:05+09:00,GBIKE,130318,75.0,36.51082,127.231826,12,세종특별시
2026-06-21T14:05:05+09:00,GBIKE,130332,95.0,36.51082,127.23297,12,세종특별시
2026-06-21T14:05:05+09:00,GBIKE,358176,42.0,36.510821,127.243048,12,세종특별시
2026-06-21T14:05:05+09:00,GBIKE,131668,32.0,36.510825,127.232446,12,세종특별시
2026-06-21T14:05:05+09:00,GBIKE,131569,90.0,36.510826,127.231754,12,세종특별시
2026-06-21T14:05:05+09:00,GBIKE,130772,42.0,36.510828,127.231761,12,세종특별시
2026-06-21T14:05:05+09:00,GBIKE,501529,51.0,36.510829,127.243117,12,세종특별시
2026-06-21T14:05:05+09:00,GBIKE,359456,34.0,36.510831,127.23251,12,세종특별시
2026-06-21T14:05:05+09:00,GBIKE,131753,30.0,36.510832,127.232528,12,세종특별시
2026-06-21T14:05:05+09:00,GBIKE,130974,95.0,36.510835,127.231776,12,세종특별시
2026-06-21T14:05:05+09:00,GBIKE,130070,36.0,36.510838,127.24225,12,세종특별시
2026-06-21T14:05:05+09:00,GBIKE,501197,92.0,36.51084,127.2428,12,세종특별시
2026-06-21T14:05:05+09:00,GBIKE,131036,40.0,36.510856,127.239554,12,세종특별시
2026-06-21T14:05:05+09:00,GBIKE,131708,71.0,36.510869,127.241033,12,세종특별시
2026-06-21T14:05:05+09:00,GBIKE,131324,62.0,36.510871,127.234012,12,세종특별시
2026-06-21T14:05:05+09:00,GBIKE,130791,63.0,36.510874,127.232926,12,세종특별시
2026-06-21T14:05:05+09:00,GBIKE,131765,96.0,36.510881,127.242279,12,세종특별시
2026-06-21T14:05:05+09:00,GBIKE,131731,79.0,36.510887,127.232934,12,세종특별시
2026-06-21T14:05:05+09:00,GBIKE,130569,82.0,36.510889,127.232889,12,세종특별시
2026-06-21T14:05:05+09:00,GBIKE,130078,40.0,36.510893,127.232939,12,세종특별시
2026-06-21T14:05:05+09:00,GBIKE,131223,48.0,36.510893,127.232905,12,세종특별시
2026-06-21T14:05:05+09:00,GBIKE,131016,77.0,36.510901,127.232995,12,세종특별시
2026-06-21T14:05:05+09:00,GBIKE,131355,45.0,36.51091,127.23284,12,세종특별시
2026-06-21T14:05:05+09:00,GBIKE,130906,58.0,36.510913,127.239537,12,세종특별시
2026-06-21T14:05:05+09:00,GBIKE,130558,32.0,36.510922,127.229816,12,세종특별시
2026-06-21T14:05:05+09:00,GBIKE,131942,70.0,36.510928,127.260523,12,세종특별시
2026-06-21T14:05:05+09:00,GBIKE,130877,75.0,36.510934,127.232994,12,세종특별시
2026-06-21T14:05:05+09:00,GBIKE,130929,84.0,36.510935,127.232962,12,세종특별시
2026-06-21T14:05:05+09:00,GBIKE,130850,74.0,36.510936,127.256218,12,세종특별시
2026-06-21T14:05:05+09:00,GBIKE,130522,33.0,36.510941,127.242938,12,세종특별시
2026-06-21T14:05:05+09:00,GBIKE,131829,58.0,36.510945,127.256192,12,세종특별시
2026-06-21T14:05:05+09:00,GBIKE,131960,97.0,36.510946,127.26698,12,세종특별시
2026-06-21T14:05:05+09:00,GBIKE,131232,54.0,36.510955,127.240451,12,세종특별시
2026-06-21T14:05:05+09:00,GBIKE,130345,67.0,36.511006,127.239638,12,세종특별시
2026-06-21T14:05:05+09:00,GBIKE,130461,56.0,36.511033,127.246194,12,세종특별시
2026-06-21T14:05:05+09:00,GBIKE,130270,52.0,36.511034,127.249826,12,세종특별시
2026-06-21T14:05:05+09:00,GBIKE,131013,43.0,36.511046,127.2322,12,세종특별시
2026-06-21T14:05:05+09:00,GBIKE,130709,64.0,36.511059,127.260034,12,세종특별시
2026-06-21T14:05:05+09:00,GBIKE,130323,73.0,36.511072,127.248067,12,세종특별시
2026-06-21T14:05:05+09:00,GBIKE,130946,95.0,36.511084,127.242269,12,세종특별시
2026-06-21T14:05:05+09:00,GBIKE,131345,97.0,36.511118,127.242415,12,세종특별시
2026-06-21T14:05:05+09:00,GBIKE,131540,43.0,36.511128,127.248083,12,세종특별시
2026-06-21T14:05:05+09:00,GBIKE,131100,56.0,36.511171,127.242382,12,세종특별시
2026-06-21T14:05:05+09:00,GBIKE,501567,70.0,36.511174,127.239668,12,세종특별시
2026-06-21T14:05:05+09:00,GBIKE,131052,86.0,36.511226,127.232372,12,세종특별시
2026-06-21T14:05:05+09:00,GBIKE,131466,95.0,36.511226,127.265858,12,세종특별시
2026-06-21T14:05:05+09:00,GBIKE,130371,45.0,36.51127,127.240169,12,세종특별시
2026-06-21T14:05:05+09:00,GBIKE,131734,37.0,36.511285,127.229813,12,세종특별시
2026-06-21T14:05:05+09:00,GBIKE,130261,98.0,36.511289,127.250188,12,세종특별시
2026-06-21T14:05:05+09:00,GBIKE,130303,71.0,36.511293,127.239846,12,세종특별시
2026-06-21T14:05:05+09:00,GBIKE,131300,95.0,36.511309,127.239862,12,세종특별시
2026-06-21T14:05:05+09:00,GBIKE,130089,42.0,36.511323,127.250185,12,세종특별시
2026-06-21T14:05:05+09:00,GBIKE,131855,57.0,36.511341,127.233364,12,세종특별시
2026-06-21T14:05:05+09:00,GBIKE,131179,44.0,36.511352,127.249996,12,세종특별시
2026-06-21T14:05:05+09:00,GBIKE,130872,45.0,36.511359,127.240883,12,세종특별시
2026-06-21T14:05:05+09:00,GBIKE,501344,95.0,36.51136,127.250197,12,세종특별시
2026-06-21T14:05:05+09:00,GBIKE,501424,87.0,36.511385,127.2443,12,세종특별시
2026-06-21T14:05:05+09:00,GBIKE,131185,58.0,36.511388,127.251889,12,세종특별시
2026-06-21T14:05:05+09:00,GBIKE,130476,81.0,36.511412,127.239946,12,세종특별시
2026-06-21T14:05:05+09:00,GBIKE,131451,75.0,36.511424,127.24993,12,세종특별시
2026-06-21T14:05:05+09:00,GBIKE,130091,60.0,36.511427,127.252965,12,세종특별시
2026-06-21T14:05:05+09:00,GBIKE,130508,85.0,36.511428,127.233819,12,세종특별시
2026-06-21T14:05:05+09:00,GBIKE,501363,49.0,36.511437,127.24918,12,세종특별시
2026-06-21T14:05:05+09:00,GBIKE,130795,36.0,36.511451,127.260166,12,세종특별시
2026-06-21T14:05:05+09:00,GBIKE,131759,85.0,36.511451,127.239866,12,세종특별시
2026-06-21T14:05:05+09:00,GBIKE,130526,52.0,36.511453,127.240792,12,세종특별시
2026-06-21T14:05:05+09:00,GBIKE,131823,77.0,36.511454,127.233915,12,세종특별시
2026-06-21T14:05:05+09:00,GBIKE,130390,57.0,36.511466,127.251341,12,세종특별시
2026-06-21T14:05:05+09:00,GBIKE,131968,70.0,36.511472,127.251224,12,세종특별시
2026-06-21T14:05:05+09:00,GBIKE,501190,30.0,36.511481,127.24164,12,세종특별시
2026-06-21T14:05:05+09:00,GBIKE,131704,38.0,36.511506,127.232772,12,세종특별시
2026-06-21T14:05:05+09:00,GBIKE,501505,31.0,36.51152,127.241326,12,세종특별시
2026-06-21T14:05:05+09:00,GBIKE,130455,48.0,36.511541,127.249638,12,세종특별시
2026-06-21T14:05:05+09:00,GBIKE,130123,66.0,36.511554,127.248498,12,세종특별시
2026-06-21T14:05:05+09:00,GBIKE,131318,59.0,36.511559,127.249392,12,세종특별시
2026-06-21T14:05:05+09:00,GBIKE,501497,34.0,36.511568,127.248995,12,세종특별시
2026-06-21T14:05:05+09:00,GBIKE,501462,83.0,36.511578,127.24912,12,세종특별시
2026-06-21T14:05:05+09:00,GBIKE,501419,77.0,36.511587,127.248892,12,세종특별시
2026-06-21T14:05:05+09:00,GBIKE,131766,96.0,36.511597,127.249765,12,세종특별시
2026-06-21T14:05:05+09:00,GBIKE,501515,98.0,36.511598,127.248006,12,세종특별시
2026-06-21T14:05:05+09:00,GBIKE,131729,52.0,36.511607,127.24849,12,세종특별시
2026-06-21T14:05:05+09:00,GBIKE,130662,91.0,36.51162,127.249376,12,세종특별시
2026-06-21T14:05:05+09:00,GBIKE,130501,78.0,36.511622,127.241631,12,세종특별시
2026-06-21T14:05:05+09:00,GBIKE,131092,89.0,36.511623,127.241294,12,세종특별시
2026-06-21T14:05:05+09:00,GBIKE,131064,71.0,36.511639,127.239849,12,세종특별시
2026-06-21T14:05:05+09:00,GBIKE,131257,40.0,36.511639,127.247912,12,세종특별시
2026-06-21T14:05:05+09:00,GBIKE,130186,53.0,36.511643,127.255414,12,세종특별시
2026-06-21T14:05:05+09:00,GBIKE,131783,100.0,36.511644,127.250589,12,세종특별시
2026-06-21T14:05:05+09:00,GBIKE,130939,45.0,36.511666,127.240824,12,세종특별시
2026-06-21T14:05:05+09:00,GBIKE,131344,87.0,36.511666,127.255533,12,세종특별시
2026-06-21T14:05:05+09:00,GBIKE,131364,98.0,36.511674,127.241352,12,세종특별시
2026-06-21T14:05:05+09:00,GBIKE,131233,100.0,36.511675,127.243795,12,세종특별시
2026-06-21T14:05:05+09:00,GBIKE,332266,50.0,36.511675,127.246423,12,세종특별시
2026-06-21T14:05:05+09:00,GBIKE,131918,42.0,36.51168,127.250465,12,세종특별시
2026-06-21T14:05:05+09:00,GBIKE,501250,40.0,36.511683,127.240852,12,세종특별시
2026-06-21T14:05:05+09:00,GBIKE,130630,57.0,36.511684,127.249731,12,세종특별시
2026-06-21T14:05:05+09:00,GBIKE,131814,96.0,36.511702,127.249826,12,세종특별시
2026-06-21T14:05:05+09:00,GBIKE,130497,75.0,36.511705,127.239961,12,세종특별시
2026-06-21T14:05:05+09:00,GBIKE,131263,92.0,36.511705,127.243996,12,세종특별시
2026-06-21T14:05:05+09:00,GBIKE,358190,51.0,36.511708,127.246433,12,세종특별시
2026-06-21T14:05:05+09:00,GBIKE,130575,82.0,36.511717,127.241398,12,세종특별시
2026-06-21T14:05:05+09:00,GBIKE,130247,73.0,36.511725,127.244032,12,세종특별시
2026-06-21T14:05:05+09:00,GBIKE,501117,77.0,36.51173,127.241312,12,세종특별시
2026-06-21T14:05:05+09:00,GBIKE,130895,96.0,36.511731,127.249645,12,세종특별시
2026-06-21T14:05:05+09:00,GBIKE,131846,96.0,36.511733,127.250212,12,세종특별시
2026-06-21T14:05:05+09:00,GBIKE,501292,94.0,36.511735,127.24133,12,세종특별시
2026-06-21T14:05:05+09:00,GBIKE,130230,54.0,36.511741,127.24942,12,세종특별시
2026-06-21T14:05:05+09:00,GBIKE,501571,73.0,36.511741,127.248016,12,세종특별시
2026-06-21T14:05:05+09:00,GBIKE,130040,65.0,36.511747,127.249714,12,세종특별시
2026-06-21T14:05:05+09:00,GBIKE,130118,94.0,36.511748,127.243998,12,세종특별시
2026-06-21T14:05:05+09:00,GBIKE,131485,83.0,36.51175,127.249507,12,세종특별시
2026-06-21T14:05:05+09:00,GBIKE,130825,33.0,36.511755,127.256081,12,세종특별시
2026-06-21T14:05:05+09:00,GBIKE,130067,71.0,36.511765,127.241352,12,세종특별시
2026-06-21T14:05:05+09:00,GBIKE,130900,95.0,36.511766,127.248898,12,세종특별시
2026-06-21T14:05:05+09:00,GBIKE,131065,97.0,36.511771,127.248876,12,세종특별시
2026-06-21T14:05:05+09:00,GBIKE,130897,34.0,36.511786,127.24309,12,세종특별시
2026-06-21T14:05:05+09:00,GBIKE,131188,49.0,36.511796,127.244809,12,세종특별시
2026-06-21T14:05:05+09:00,GBIKE,130499,46.0,36.5118,127.241742,12,세종특별시
2026-06-21T14:05:05+09:00,GBIKE,130321,94.0,36.51181,127.248121,12,세종특별시
2026-06-21T14:05:05+09:00,GBIKE,501153,63.0,36.511812,127.241299,12,세종특별시
2026-06-21T14:05:05+09:00,GBIKE,501337,42.0,36.511816,127.247419,12,세종특별시
2026-06-21T14:05:05+09:00,GBIKE,130180,49.0,36.511853,127.242779,12,세종특별시
2026-06-21T14:05:05+09:00,GBIKE,131138,84.0,36.511869,127.241218,12,세종특별시
2026-06-21T14:05:05+09:00,GBIKE,131023,56.0,36.511873,127.242761,12,세종특별시
2026-06-21T14:05:05+09:00,GBIKE,131156,95.0,36.511886,127.250012,12,세종특별시
2026-06-21T14:05:05+09:00,GBIKE,131180,68.0,36.511891,127.242719,12,세종특별시
2026-06-21T14:05:05+09:00,GBIKE,501433,43.0,36.511907,127.240648,12,세종특별시
2026-06-21T14:05:05+09:00,GBIKE,501162,98.0,36.51191,127.240617,12,세종특별시
2026-06-21T14:05:05+09:00,GBIKE,501376,92.0,36.511914,127.240932,12,세종특별시
2026-06-21T14:05:05+09:00,GBIKE,130400,53.0,36.511915,127.259957,12,세종특별시
2026-06-21T14:05:05+09:00,GBIKE,501565,94.0,36.511916,127.245581,12,세종특별시
2026-06-21T14:05:05+09:00,GBIKE,130536,71.0,36.511921,127.240936,12,세종특별시
2026-06-21T14:05:05+09:00,GBIKE,501241,55.0,36.511924,127.233339,12,세종특별시
2026-06-21T14:05:05+09:00,GBIKE,501335,98.0,36.511926,127.240936,12,세종특별시
2026-06-21T14:05:05+09:00,GBIKE,501512,94.0,36.511926,127.24219,12,세종특별시
2026-06-21T14:05:05+09:00,GBIKE,501359,95.0,36.511927,127.240932,12,세종특별시
2026-06-21T14:05:05+09:00,GBIKE,501451,84.0,36.511928,127.240919,12,세종특별시
2026-06-21T14:05:05+09:00,GBIKE,130148,30.0,36.51193,127.227619,12,세종특별시
2026-06-21T14:05:05+09:00,GBIKE,131088,100.0,36.51193,127.250273,12,세종특별시
2026-06-21T14:05:05+09:00,GBIKE,131663,48.0,36.511931,127.242777,12,세종특별시
2026-06-21T14:05:05+09:00,GBIKE,130928,71.0,36.511938,127.229674,12,세종특별시
2026-06-21T14:05:05+09:00,GBIKE,130996,35.0,36.511942,127.242829,12,세종특별시
2026-06-21T14:05:05+09:00,GBIKE,501432,57.0,36.511943,127.240959,12,세종특별시
2026-06-21T14:05:05+09:00,GBIKE,131830,44.0,36.511945,127.242751,12,세종특별시
2026-06-21T14:05:05+09:00,GBIKE,130227,53.0,36.51195,127.227847,12,세종특별시
2026-06-21T14:05:05+09:00,GBIKE,131909,39.0,36.511955,127.23329,12,세종특별시
2026-06-21T14:05:05+09:00,GBIKE,131285,54.0,36.511961,127.241112,12,세종특별시
2026-06-21T14:05:05+09:00,GBIKE,131313,30.0,36.511969,127.241137,12,세종특별시
2026-06-21T14:05:05+09:00,GBIKE,130663,87.0,36.511976,127.243161,12,세종특별시
2026-06-21T14:05:05+09:00,GBIKE,130725,100.0,36.511995,127.249812,12,세종특별시
2026-06-21T14:05:05+09:00,GBIKE,130862,36.0,36.511996,127.229655,12,세종특별시
2026-06-21T14:05:05+09:00,GBIKE,501233,78.0,36.512012,127.247854,12,세종특별시
2026-06-21T14:05:05+09:00,GBIKE,501507,87.0,36.512016,127.24792,12,세종특별시
2026-06-21T14:05:05+09:00,GBIKE,130092,98.0,36.512027,127.243369,12,세종특별시
2026-06-21T14:05:05+09:00,GBIKE,131816,94.0,36.512031,127.227773,12,세종특별시
2026-06-21T14:05:05+09:00,GBIKE,131314,73.0,36.512036,127.22757,12,세종특별시
2026-06-21T14:05:05+09:00,GBIKE,130889,89.0,36.512039,127.242779,12,세종특별시
2026-06-21T14:05:05+09:00,GBIKE,501582,95.0,36.512044,127.244013,12,세종특별시
2026-06-21T14:05:05+09:00,GBIKE,130283,57.0,36.512048,127.242569,12,세종특별시
2026-06-21T14:05:05+09:00,GBIKE,131970,38.0,36.512054,127.242848,12,세종특별시
2026-06-21T14:05:05+09:00,GBIKE,131027,30.0,36.512077,127.242425,12,세종특별시
2026-06-21T14:05:05+09:00,GBIKE,131442,94.0,36.512077,127.247898,12,세종특별시
2026-06-21T14:05:05+09:00,GBIKE,130416,54.0,36.512079,127.242642,12,세종특별시
2026-06-21T14:05:05+09:00,GBIKE,131902,88.0,36.512082,127.241849,12,세종특별시
2026-06-21T14:05:05+09:00,GBIKE,501235,51.0,36.512087,127.248077,12,세종특별시
2026-06-21T14:05:05+09:00,GBIKE,501412,94.0,36.51209,127.242486,12,세종특별시
2026-06-21T14:05:05+09:00,GBIKE,130527,83.0,36.512095,127.242654,12,세종특별시
2026-06-21T14:05:05+09:00,GBIKE,131175,91.0,36.512096,127.243005,12,세종특별시
2026-06-21T14:05:05+09:00,GBIKE,131213,68.0,36.512101,127.240934,12,세종특별시
2026-06-21T14:05:05+09:00,GBIKE,130519,100.0,36.51211,127.256336,12,세종특별시
2026-06-21T14:05:05+09:00,GBIKE,131530,33.0,36.512116,127.248087,12,세종특별시
2026-06-21T14:05:05+09:00,GBIKE,131624,79.0,36.512126,127.242295,12,세종특별시
2026-06-21T14:05:05+09:00,GBIKE,130363,92.0,36.51213,127.248215,12,세종특별시
2026-06-21T14:05:05+09:00,GBIKE,130113,78.0,36.512151,127.241818,12,세종특별시
2026-06-21T14:05:05+09:00,GBIKE,130366,33.0,36.512155,127.248057,12,세종특별시
2026-06-21T14:05:05+09:00,GBIKE,501214,76.0,36.512155,127.243661,12,세종특별시
2026-06-21T14:05:05+09:00,GBIKE,501254,81.0,36.512155,127.241213,12,세종특별시
2026-06-21T14:05:05+09:00,GBIKE,501496,92.0,36.512162,127.248051,12,세종특별시
2026-06-21T14:05:05+09:00,GBIKE,131588,60.0,36.512165,127.248048,12,세종특별시
2026-06-21T14:05:05+09:00,GBIKE,131478,97.0,36.512166,127.247794,12,세종특별시
2026-06-21T14:05:05+09:00,GBIKE,130154,81.0,36.512167,127.256409,12,세종특별시
2026-06-21T14:05:05+09:00,GBIKE,131965,48.0,36.512171,127.255757,12,세종특별시
2026-06-21T14:05:05+09:00,GBIKE,131809,74.0,36.512241,127.250003,12,세종특별시
2026-06-21T14:05:05+09:00,GBIKE,130415,88.0,36.512243,127.260106,12,세종특별시
2026-06-21T14:05:05+09:00,GBIKE,501313,60.0,36.512247,127.248089,12,세종특별시
2026-06-21T14:05:05+09:00,GBIKE,131487,42.0,36.512263,127.259667,12,세종특별시
2026-06-21T14:05:05+09:00,GBIKE,131967,69.0,36.512268,127.250067,12,세종특별시
2026-06-21T14:05:05+09:00,GBIKE,131763,64.0,36.512277,127.241608,12,세종특별시
2026-06-21T14:05:05+09:00,GBIKE,130542,53.0,36.512292,127.229694,12,세종특별시
2026-06-21T14:05:05+09:00,GBIKE,501224,76.0,36.512306,127.241307,12,세종특별시
2026-06-21T14:05:05+09:00,GBIKE,131806,78.0,36.512306,127.239994,12,세종특별시
2026-06-21T14:05:05+09:00,GBIKE,501242,68.0,36.512312,127.24171,12,세종특별시
2026-06-21T14:05:05+09:00,GBIKE,501560,57.0,36.512314,127.233367,12,세종특별시
2026-06-21T14:05:05+09:00,GBIKE,130265,47.0,36.51235,127.241701,12,세종특별시
2026-06-21T14:05:05+09:00,GBIKE,501379,93.0,36.512387,127.241649,12,세종특별시
2026-06-21T14:05:05+09:00,GBIKE,131901,85.0,36.512393,127.239927,12,세종특별시
2026-06-21T14:05:05+09:00,GBIKE,130599,78.0,36.512419,127.258441,12,세종특별시
2026-06-21T14:05:05+09:00,GBIKE,131296,47.0,36.512419,127.240013,12,세종특별시
2026-06-21T14:05:05+09:00,GBIKE,131991,50.0,36.51244,127.239925,12,세종특별시
2026-06-21T14:05:05+09:00,GBIKE,131250,57.0,36.512477,127.258464,12,세종특별시
2026-06-21T14:05:05+09:00,GBIKE,131420,84.0,36.512491,127.229589,12,세종특별시
2026-06-21T14:05:05+09:00,GBIKE,131099,33.0,36.512492,127.258617,12,세종특별시
2026-06-21T14:05:05+09:00,GBIKE,130964,97.0,36.512507,127.249359,12,세종특별시
2026-06-21T14:05:05+09:00,GBIKE,130609,44.0,36.51251,127.258086,12,세종특별시
2026-06-21T14:05:05+09:00,GBIKE,131632,63.0,36.512529,127.243421,12,세종특별시
2026-06-21T14:05:05+09:00,GBIKE,131840,61.0,36.51253,127.250598,12,세종특별시
2026-06-21T14:05:05+09:00,GBIKE,131792,87.0,36.512554,127.266384,12,세종특별시
2026-06-21T14:05:05+09:00,GBIKE,130480,36.0,36.512577,127.241741,12,세종특별시
2026-06-21T14:05:05+09:00,GBIKE,131705,68.0,36.51265,127.26087,12,세종특별시
2026-06-21T14:05:05+09:00,GBIKE,131406,97.0,36.512677,127.26078,12,세종특별시
2026-06-21T14:05:05+09:00,GBIKE,130452,51.0,36.512682,127.26153,12,세종특별시
2026-06-21T14:05:05+09:00,GBIKE,131399,93.0,36.512691,127.255693,12,세종특별시
2026-06-21T14:05:05+09:00,GBIKE,130361,64.0,36.512711,127.229403,12,세종특별시
2026-06-21T14:05:05+09:00,GBIKE,501445,62.0,36.512712,127.255731,12,세종특별시
2026-06-21T14:05:05+09:00,GBIKE,131019,100.0,36.512722,127.259355,12,세종특별시
2026-06-21T14:05:05+09:00,GBIKE,501329,81.0,36.512724,127.242343,12,세종특별시
2026-06-21T14:05:05+09:00,GBIKE,131275,53.0,36.512729,127.242785,12,세종특별시
2026-06-21T14:05:05+09:00,GBIKE,131253,86.0,36.51274,127.24266,12,세종특별시
2026-06-21T14:05:05+09:00,GBIKE,130721,94.0,36.512748,127.229349,12,세종특별시
2026-06-21T14:05:05+09:00,GBIKE,501144,61.0,36.512752,127.242431,12,세종특별시
2026-06-21T14:05:05+09:00,GBIKE,131711,49.0,36.512804,127.240001,12,세종특별시
2026-06-21T14:05:05+09:00,GBIKE,131841,31.0,36.51287,127.228624,12,세종특별시
2026-06-21T14:05:05+09:00,GBIKE,131480,72.0,36.512884,127.243243,12,세종특별시
2026-06-21T14:05:05+09:00,GBIKE,131075,35.0,36.512885,127.23311,12,세종특별시
2026-06-21T14:05:05+09:00,GBIKE,130769,55.0,36.512889,127.250424,12,세종특별시
2026-06-21T14:05:05+09:00,GBIKE,130719,45.0,36.512927,127.257998,12,세종특별시
2026-06-21T14:05:05+09:00,GBIKE,130462,80.0,36.512964,127.243291,12,세종특별시
2026-06-21T14:05:05+09:00,GBIKE,131631,98.0,36.512965,127.250931,12,세종특별시
2026-06-21T14:05:05+09:00,GBIKE,130319,38.0,36.512989,127.231322,12,세종특별시
2026-06-21T14:05:05+09:00,GBIKE,131940,68.0,36.512992,127.243279,12,세종특별시
2026-06-21T14:05:05+09:00,GBIKE,130336,67.0,36.51301,127.243293,12,세종특별시
2026-06-21T14:05:05+09:00,GBIKE,501316,100.0,36.513013,127.246116,12,세종특별시
2026-06-21T14:05:05+09:00,GBIKE,131826,37.0,36.513046,127.239824,12,세종특별시
2026-06-21T14:05:05+09:00,GBIKE,131943,43.0,36.513055,127.229686,12,세종특별시
2026-06-21T14:05:05+09:00,GBIKE,130317,75.0,36.513085,127.262171,12,세종특별시
2026-06-21T14:05:05+09:00,GBIKE,131325,89.0,36.513085,127.262146,12,세종특별시
2026-06-21T14:05:05+09:00,GBIKE,131269,41.0,36.513097,127.262189,12,세종특별시
2026-06-21T14:05:05+09:00,GBIKE,131854,76.0,36.513108,127.26206,12,세종특별시
2026-06-21T14:05:05+09:00,GBIKE,130728,67.0,36.51311,127.241667,12,세종특별시
2026-06-21T14:05:05+09:00,GBIKE,130747,31.0,36.513113,127.229407,12,세종특별시
2026-06-21T14:05:05+09:00,GBIKE,131177,49.0,36.513113,127.241649,12,세종특별시
2026-06-21T14:05:05+09:00,GBIKE,131421,78.0,36.513147,127.241675,12,세종특별시
2026-06-21T14:05:05+09:00,GBIKE,130435,85.0,36.513153,127.262176,12,세종특별시
2026-06-21T14:05:05+09:00,GBIKE,130807,80.0,36.513166,127.262203,12,세종특별시
2026-06-21T14:05:05+09:00,GBIKE,501183,56.0,36.513227,127.233281,12,세종특별시
2026-06-21T14:05:05+09:00,GBIKE,130738,100.0,36.51326,127.250509,12,세종특별시
2026-06-21T14:05:05+09:00,GBIKE,130759,39.0,36.51336,127.229388,12,세종특별시
2026-06-21T14:05:05+09:00,GBIKE,130520,86.0,36.513375,127.25067,12,세종특별시
2026-06-21T14:05:05+09:00,GBIKE,501326,97.0,36.513442,127.259467,12,세종특별시
2026-06-21T14:05:05+09:00,GBIKE,501118,42.0,36.513478,127.264287,12,세종특별시
2026-06-21T14:05:05+09:00,GBIKE,501119,95.0,36.513543,127.25057,12,세종특별시
2026-06-21T14:05:05+09:00,GBIKE,130784,69.0,36.513601,127.23286,12,세종특별시
2026-06-21T14:05:05+09:00,GBIKE,130382,94.0,36.513605,127.259601,12,세종특별시
2026-06-21T14:05:05+09:00,GBIKE,501244,95.0,36.513636,127.259456,12,세종특별시
2026-06-21T14:05:05+09:00,GBIKE,130468,58.0,36.513661,127.232943,12,세종특별시
2026-06-21T14:05:05+09:00,GBIKE,501280,40.0,36.513685,127.259374,12,세종특별시
2026-06-21T14:05:05+09:00,GBIKE,131197,48.0,36.513692,127.257712,12,세종특별시
2026-06-21T14:05:05+09:00,GBIKE,131308,57.0,36.513718,127.228623,12,세종특별시
2026-06-21T14:05:05+09:00,GBIKE,130412,44.0,36.513776,127.258576,12,세종특별시
2026-06-21T14:05:05+09:00,GBIKE,131533,100.0,36.513777,127.249084,12,세종특별시
2026-06-21T14:05:05+09:00,GBIKE,501262,94.0,36.513839,127.260002,12,세종특별시
2026-06-21T14:05:05+09:00,GBIKE,131193,67.0,36.513858,127.22937,12,세종특별시
2026-06-21T14:05:05+09:00,GBIKE,130066,85.0,36.513873,127.25891,12,세종특별시
2026-06-21T14:05:05+09:00,GBIKE,130474,72.0,36.513873,127.228899,12,세종특별시
2026-06-21T14:05:05+09:00,GBIKE,130678,100.0,36.513903,127.258966,12,세종특별시
2026-06-21T14:05:05+09:00,GBIKE,131279,100.0,36.513905,127.258943,12,세종특별시
2026-06-21T14:05:05+09:00,GBIKE,130690,100.0,36.513918,127.25896,12,세종특별시
2026-06-21T14:05:05+09:00,GBIKE,130264,100.0,36.513928,127.258965,12,세종특별시
2026-06-21T14:05:05+09:00,GBIKE,131391,100.0,36.51393,127.258951,12,세종특별시
2026-06-21T14:05:05+09:00,GBIKE,130643,100.0,36.513934,127.258968,12,세종특별시
2026-06-21T14:05:05+09:00,GBIKE,130093,100.0,36.513943,127.258955,12,세종특별시
2026-06-21T14:05:05+09:00,GBIKE,131369,83.0,36.513996,127.245792,12,세종특별시
2026-06-21T14:05:05+09:00,GBIKE,131436,81.0,36.514053,127.241774,12,세종특별시
2026-06-21T14:05:05+09:00,GBIKE,131545,89.0,36.514062,127.241737,12,세종특별시
2026-06-21T14:05:05+09:00,GBIKE,131852,94.0,36.514063,127.241716,12,세종특별시
2026-06-21T14:05:05+09:00,GBIKE,130025,73.0,36.514068,127.240725,12,세종특별시
2026-06-21T14:05:05+09:00,GBIKE,131479,40.0,36.514077,127.241735,12,세종특별시
2026-06-21T14:05:05+09:00,GBIKE,131190,74.0,36.514082,127.229789,12,세종특별시
2026-06-21T14:05:05+09:00,GBIKE,131710,91.0,36.514095,127.241741,12,세종특별시
2026-06-21T14:05:05+09:00,GBIKE,131608,95.0,36.514098,127.241815,12,세종특별시
2026-06-21T14:05:05+09:00,GBIKE,130516,95.0,36.514105,127.241763,12,세종특별시
2026-06-21T14:05:05+09:00,GBIKE,131868,91.0,36.514149,127.259396,12,세종특별시
2026-06-21T14:05:05+09:00,GBIKE,130253,96.0,36.514231,127.26292,12,세종특별시
2026-06-21T14:05:05+09:00,GBIKE,131586,81.0,36.514278,127.26289,12,세종특별시
2026-06-21T14:05:05+09:00,GBIKE,130715,86.0,36.514311,127.229458,12,세종특별시
2026-06-21T14:05:05+09:00,GBIKE,501222,100.0,36.514316,127.266436,12,세종특별시
2026-06-21T14:05:05+09:00,GBIKE,130880,94.0,36.514331,127.22977,12,세종특별시
2026-06-21T14:05:05+09:00,GBIKE,501506,51.0,36.514341,127.243243,12,세종특별시
2026-06-21T14:05:05+09:00,GBIKE,130267,52.0,36.514365,127.256581,12,세종특별시
2026-06-21T14:05:05+09:00,GBIKE,131680,50.0,36.514386,127.256509,12,세종특별시
2026-06-21T14:05:05+09:00,GBIKE,130353,64.0,36.514426,127.229435,12,세종특별시
2026-06-21T14:05:05+09:00,GBIKE,130620,33.0,36.514441,127.258868,12,세종특별시
2026-06-21T14:05:05+09:00,GBIKE,131975,63.0,36.514482,127.232292,12,세종특별시
2026-06-21T14:05:05+09:00,GBIKE,130229,80.0,36.514541,127.266416,12,세종특별시
2026-06-21T14:05:05+09:00,GBIKE,130502,91.0,36.514541,127.258798,12,세종특별시
2026-06-21T14:05:05+09:00,GBIKE,131670,85.0,36.514579,127.268062,12,세종특별시
2026-06-21T14:05:05+09:00,GBIKE,501264,98.0,36.51459,127.232137,12,세종특별시
2026-06-21T14:05:05+09:00,GBIKE,501444,96.0,36.5146,127.231634,12,세종특별시
2026-06-21T14:05:05+09:00,GBIKE,131504,95.0,36.51461,127.26789,12,세종특별시
2026-06-21T14:05:05+09:00,GBIKE,130778,40.0,36.514615,127.228648,12,세종특별시
2026-06-21T14:05:05+09:00,GBIKE,131220,53.0,36.514617,127.259257,12,세종특별시
2026-06-21T14:05:05+09:00,GBIKE,501398,86.0,36.514618,127.245633,12,세종특별시
2026-06-21T14:05:05+09:00,GBIKE,130295,30.0,36.514664,127.267882,12,세종특별시
2026-06-21T14:05:05+09:00,GBIKE,130325,86.0,36.514688,127.258858,12,세종특별시
2026-06-21T14:05:05+09:00,GBIKE,130343,75.0,36.514695,127.262865,12,세종특별시
2026-06-21T14:05:05+09:00,GBIKE,131804,39.0,36.514709,127.257869,12,세종특별시
2026-06-21T14:05:05+09:00,GBIKE,131907,100.0,36.514715,127.259202,12,세종특별시
2026-06-21T14:05:05+09:00,GBIKE,130420,67.0,36.514721,127.25918,12,세종특별시
2026-06-21T14:05:05+09:00,GBIKE,130393,97.0,36.514735,127.258862,12,세종특별시
2026-06-21T14:05:05+09:00,GBIKE,130193,99.0,36.514755,127.258721,12,세종특별시
2026-06-21T14:05:05+09:00,GBIKE,131779,71.0,36.514781,127.262842,12,세종특별시
2026-06-21T14:05:05+09:00,GBIKE,501331,81.0,36.514803,127.241386,12,세종특별시
2026-06-21T14:05:05+09:00,GBIKE,131153,45.0,36.514805,127.257568,12,세종특별시
2026-06-21T14:05:05+09:00,GBIKE,130963,87.0,36.514832,127.228719,12,세종특별시
2026-06-21T14:05:05+09:00,GBIKE,131411,100.0,36.514836,127.258441,12,세종특별시
2026-06-21T14:05:05+09:00,GBIKE,501288,54.0,36.514874,127.259358,12,세종특별시
2026-06-21T14:05:05+09:00,GBIKE,131654,30.0,36.514883,127.257736,12,세종특별시
2026-06-21T14:05:05+09:00,GBIKE,130689,98.0,36.514892,127.250641,12,세종특별시
2026-06-21T14:05:05+09:00,GBIKE,131954,94.0,36.514901,127.257733,12,세종특별시
2026-06-21T14:05:05+09:00,GBIKE,501536,52.0,36.514927,127.256105,12,세종특별시
2026-06-21T14:05:05+09:00,GBIKE,131226,95.0,36.514945,127.265917,12,세종특별시
2026-06-21T14:05:05+09:00,GBIKE,501322,44.0,36.514988,127.240566,12,세종특별시
2026-06-21T14:05:05+09:00,GBIKE,501215,46.0,36.514997,127.259187,12,세종특별시
2026-06-21T14:05:05+09:00,GBIKE,501402,75.0,36.51501,127.259179,12,세종특별시
2026-06-21T14:05:05+09:00,GBIKE,501318,94.0,36.515051,127.258804,12,세종특별시
2026-06-21T14:05:05+09:00,GBIKE,130037,35.0,36.515079,127.258662,12,세종특별시
2026-06-21T14:05:05+09:00,GBIKE,131580,32.0,36.51508,127.266173,12,세종특별시
2026-06-21T14:05:05+09:00,GBIKE,130056,83.0,36.515102,127.265849,12,세종특별시
2026-06-21T14:05:05+09:00,GBIKE,501526,53.0,36.51511,127.265892,12,세종특별시
2026-06-21T14:05:05+09:00,GBIKE,131699,42.0,36.515121,127.258515,12,세종특별시
2026-06-21T14:05:05+09:00,GBIKE,131709,100.0,36.515131,127.258795,12,세종특별시
2026-06-21T14:05:05+09:00,GBIKE,131730,100.0,36.515143,127.258796,12,세종특별시
2026-06-21T14:05:05+09:00,GBIKE,501586,30.0,36.515181,127.228524,12,세종특별시
2026-06-21T14:05:05+09:00,GBIKE,501453,90.0,36.515184,127.259147,12,세종특별시
2026-06-21T14:05:05+09:00,GBIKE,130058,37.0,36.515191,127.229311,12,세종특별시
2026-06-21T14:05:05+09:00,GBIKE,131831,69.0,36.515191,127.24046,12,세종특별시
2026-06-21T14:05:05+09:00,GBIKE,131912,41.0,36.515215,127.240441,12,세종특별시
2026-06-21T14:05:05+09:00,GBIKE,130774,44.0,36.51522,127.265817,12,세종특별시
2026-06-21T14:05:05+09:00,GBIKE,130648,80.0,36.515254,127.239154,12,세종특별시
2026-06-21T14:05:05+09:00,GBIKE,130576,58.0,36.515453,127.239407,12,세종특별시
2026-06-21T14:05:05+09:00,GBIKE,130387,74.0,36.515603,127.255878,12,세종특별시
2026-06-21T14:05:05+09:00,GBIKE,501327,52.0,36.515675,127.24542,12,세종특별시
2026-06-21T14:05:05+09:00,GBIKE,130439,67.0,36.515765,127.241392,12,세종특별시
2026-06-21T14:05:05+09:00,GBIKE,131123,46.0,36.51583,127.261615,12,세종특별시
2026-06-21T14:05:05+09:00,GBIKE,131620,35.0,36.515848,127.265466,12,세종특별시
2026-06-21T14:05:05+09:00,GBIKE,131433,94.0,36.515868,127.265436,12,세종특별시
2026-06-21T14:05:05+09:00,GBIKE,130292,95.0,36.515882,127.265394,12,세종특별시
2026-06-21T14:05:05+09:00,GBIKE,130430,32.0,36.515931,127.264529,12,세종특별시
2026-06-21T14:05:05+09:00,GBIKE,130218,95.0,36.516011,127.264509,12,세종특별시
2026-06-21T14:05:05+09:00,GBIKE,130246,41.0,36.516021,127.262728,12,세종특별시
2026-06-21T14:05:05+09:00,GBIKE,501238,95.0,36.516024,127.245403,12,세종특별시
2026-06-21T14:05:05+09:00,GBIKE,130756,98.0,36.516027,127.245412,12,세종특별시
2026-06-21T14:05:05+09:00,GBIKE,501525,98.0,36.516035,127.245469,12,세종특별시
2026-06-21T14:05:05+09:00,GBIKE,131142,89.0,36.516073,127.257979,12,세종특별시
2026-06-21T14:05:05+09:00,GBIKE,130892,70.0,36.51609,127.264069,12,세종특별시
2026-06-21T14:05:05+09:00,GBIKE,130622,93.0,36.51611,127.245446,12,세종특별시
2026-06-21T14:05:05+09:00,GBIKE,131074,66.0,36.516143,127.26291,12,세종특별시
2026-06-21T14:05:05+09:00,GBIKE,131410,40.0,36.516144,127.245718,12,세종특별시
2026-06-21T14:05:05+09:00,GBIKE,130274,56.0,36.516244,127.262353,12,세종특별시
2026-06-21T14:05:05+09:00,GBIKE,130610,95.0,36.516251,127.258469,12,세종특별시
2026-06-21T14:05:05+09:00,GBIKE,130482,92.0,36.516273,127.258463,12,세종특별시
2026-06-21T14:05:05+09:00,GBIKE,130219,92.0,36.516327,127.257817,12,세종특별시
2026-06-21T14:05:05+09:00,GBIKE,131633,59.0,36.516328,127.257905,12,세종특별시
2026-06-21T14:05:05+09:00,GBIKE,130216,95.0,36.516334,127.257799,12,세종특별시
2026-06-21T14:05:05+09:00,GBIKE,501531,55.0,36.516347,127.259309,12,세종특별시
2026-06-21T14:05:05+09:00,GBIKE,501455,69.0,36.516353,127.259277,12,세종특별시
2026-06-21T14:05:05+09:00,GBIKE,131237,46.0,36.516397,127.234879,12,세종특별시
2026-06-21T14:05:05+09:00,GBIKE,130888,96.0,36.516401,127.258771,12,세종특별시
2026-06-21T14:05:05+09:00,GBIKE,130285,100.0,36.516408,127.25881,12,세종특별시
2026-06-21T14:05:05+09:00,GBIKE,131199,36.0,36.516409,127.241447,12,세종특별시
2026-06-21T14:05:05+09:00,GBIKE,130604,56.0,36.516433,127.258796,12,세종특별시
2026-06-21T14:05:05+09:00,GBIKE,130245,59.0,36.516435,127.241421,12,세종특별시
2026-06-21T14:05:05+09:00,GBIKE,501590,95.0,36.516435,127.251617,12,세종특별시
2026-06-21T14:05:05+09:00,GBIKE,501422,98.0,36.516447,127.251624,12,세종특별시
2026-06-21T14:05:05+09:00,GBIKE,131622,92.0,36.516463,127.262594,12,세종특별시
2026-06-21T14:05:05+09:00,GBIKE,131227,38.0,36.516465,127.24144,12,세종특별시
2026-06-21T14:05:05+09:00,GBIKE,131077,69.0,36.516474,127.241481,12,세종특별시
2026-06-21T14:05:05+09:00,GBIKE,130454,35.0,36.516513,127.255803,12,세종특별시
2026-06-21T14:05:05+09:00,GBIKE,131585,79.0,36.516525,127.255788,12,세종특별시
2026-06-21T14:05:05+09:00,GBIKE,130088,62.0,36.51653,127.26242,12,세종특별시
2026-06-21T14:05:05+09:00,GBIKE,131457,41.0,36.51656,127.25579,12,세종특별시
2026-06-21T14:05:05+09:00,GBIKE,130346,84.0,36.516607,127.251478,12,세종특별시
2026-06-21T14:05:05+09:00,GBIKE,501461,70.0,36.516632,127.251634,12,세종특별시
2026-06-21T14:05:05+09:00,GBIKE,130602,73.0,36.516665,127.251325,12,세종특별시
2026-06-21T14:05:05+09:00,GBIKE,501485,75.0,36.5167,127.259108,12,세종특별시
2026-06-21T14:05:05+09:00,GBIKE,131403,100.0,36.51676,127.256136,12,세종특별시
2026-06-21T14:05:05+09:00,GBIKE,130423,41.0,36.516791,127.256092,12,세종특별시
2026-06-21T14:05:05+09:00,GBIKE,130442,70.0,36.516791,127.229024,12,세종특별시
2026-06-21T14:05:05+09:00,GBIKE,131078,44.0,36.516791,127.228594,12,세종특별시
2026-06-21T14:05:05+09:00,GBIKE,130771,82.0,36.516909,127.255857,12,세종특별시
2026-06-21T14:05:05+09:00,GBIKE,131919,36.0,36.517024,127.256188,12,세종특별시
2026-06-21T14:05:05+09:00,GBIKE,130357,40.0,36.517035,127.256114,12,세종특별시
2026-06-21T14:05:05+09:00,GBIKE,130528,100.0,36.517141,127.263221,12,세종특별시
2026-06-21T14:05:05+09:00,GBIKE,130061,90.0,36.517246,127.264702,12,세종특별시
2026-06-21T14:05:05+09:00,GBIKE,131375,47.0,36.517258,127.24004,12,세종특별시
2026-06-21T14:05:05+09:00,GBIKE,130800,62.0,36.517316,127.241118,12,세종특별시
2026-06-21T14:05:05+09:00,GBIKE,131969,83.0,36.517328,127.238904,12,세종특별시
2026-06-21T14:05:05+09:00,GBIKE,501193,84.0,36.517339,127.240598,12,세종특별시
2026-06-21T14:05:05+09:00,GBIKE,130645,100.0,36.517342,127.245486,12,세종특별시
2026-06-21T14:05:05+09:00,GBIKE,131350,35.0,36.517353,127.240604,12,세종특별시
2026-06-21T14:05:05+09:00,GBIKE,501544,64.0,36.517391,127.245529,12,세종특별시
2026-06-21T14:05:05+09:00,GBIKE,131294,65.0,36.517397,127.2563,12,세종특별시
2026-06-21T14:05:05+09:00,GBIKE,358231,30.0,36.51742,127.23707,12,세종특별시
2026-06-21T14:05:05+09:00,GBIKE,130097,32.0,36.517486,127.241894,12,세종특별시
2026-06-21T14:05:05+09:00,GBIKE,131777,68.0,36.517536,127.237148,12,세종특별시
2026-06-21T14:05:05+09:00,GBIKE,131564,77.0,36.517578,127.231807,12,세종특별시
2026-06-21T14:05:05+09:00,GBIKE,131292,50.0,36.517598,127.258642,12,세종특별시
2026-06-21T14:05:05+09:00,GBIKE,130185,73.0,36.517609,127.229245,12,세종특별시
2026-06-21T14:05:05+09:00,GBIKE,130671,86.0,36.517679,127.231825,12,세종특별시
2026-06-21T14:05:05+09:00,GBIKE,130734,89.0,36.517696,127.250987,12,세종특별시
2026-06-21T14:05:05+09:00,GBIKE,130152,63.0,36.517739,127.258768,12,세종특별시
2026-06-21T14:05:05+09:00,GBIKE,131186,48.0,36.51778,127.258787,12,세종특별시
2026-06-21T14:05:05+09:00,GBIKE,131116,64.0,36.517782,127.236981,12,세종특별시
2026-06-21T14:05:05+09:00,GBIKE,131288,81.0,36.517788,127.258742,12,세종특별시
2026-06-21T14:05:05+09:00,GBIKE,131739,34.0,36.517827,127.25875,12,세종특별시
2026-06-21T14:05:05+09:00,GBIKE,131989,95.0,36.517838,127.252207,12,세종특별시
2026-06-21T14:05:05+09:00,GBIKE,130949,67.0,36.517878,127.229646,12,세종특별시
2026-06-21T14:05:05+09:00,GBIKE,130972,66.0,36.517924,127.234687,12,세종특별시
2026-06-21T14:05:05+09:00,GBIKE,130191,76.0,36.51793,127.234634,12,세종특별시
2026-06-21T14:05:05+09:00,GBIKE,131913,31.0,36.518004,127.234988,12,세종특별시
2026-06-21T14:05:05+09:00,GBIKE,130910,98.0,36.51804,127.259263,12,세종특별시
2026-06-21T14:05:05+09:00,GBIKE,501291,94.0,36.51804,127.252017,12,세종특별시
2026-06-21T14:05:05+09:00,GBIKE,130525,89.0,36.51805,127.23788,12,세종특별시
2026-06-21T14:05:05+09:00,GBIKE,130817,92.0,36.518072,127.252034,12,세종특별시
2026-06-21T14:05:05+09:00,GBIKE,131404,81.0,36.518073,127.252003,12,세종특별시
2026-06-21T14:05:05+09:00,GBIKE,130720,33.0,36.518074,127.251979,12,세종특별시
2026-06-21T14:05:05+09:00,GBIKE,130984,46.0,36.518101,127.232352,12,세종특별시
2026-06-21T14:05:05+09:00,GBIKE,501147,34.0,36.518123,127.234921,12,세종특별시
2026-06-21T14:05:05+09:00,GBIKE,131896,36.0,36.518127,127.263703,12,세종특별시
2026-06-21T14:05:05+09:00,GBIKE,130572,95.0,36.518147,127.23492,12,세종특별시
2026-06-21T14:05:05+09:00,GBIKE,131368,68.0,36.518217,127.263392,12,세종특별시
2026-06-21T14:05:05+09:00,GBIKE,131124,33.0,36.51823,127.241347,12,세종특별시
2026-06-21T14:05:05+09:00,GBIKE,130062,42.0,36.518263,127.263412,12,세종특별시
2026-06-21T14:05:05+09:00,GBIKE,130192,96.0,36.518316,127.237821,12,세종특별시
2026-06-21T14:05:05+09:00,GBIKE,130401,80.0,36.518405,127.252163,12,세종특별시
2026-06-21T14:05:05+09:00,GBIKE,130701,83.0,36.51845,127.234804,12,세종특별시
2026-06-21T14:05:05+09:00,GBIKE,131843,49.0,36.518504,127.231668,12,세종특별시
2026-06-21T14:05:05+09:00,GBIKE,130054,30.0,36.518531,127.24198,12,세종특별시
2026-06-21T14:05:05+09:00,GBIKE,130159,40.0,36.518551,127.257368,12,세종특별시
2026-06-21T14:05:05+09:00,GBIKE,501122,65.0,36.51857,127.235129,12,세종특별시
2026-06-21T14:05:05+09:00,GBIKE,130490,69.0,36.518573,127.235092,12,세종특별시
2026-06-21T14:05:05+09:00,GBIKE,131957,61.0,36.518578,127.235114,12,세종특별시
2026-06-21T14:05:05+09:00,GBIKE,501541,79.0,36.518592,127.235173,12,세종특별시
2026-06-21T14:05:05+09:00,GBIKE,130358,81.0,36.518612,127.235058,12,세종특별시
2026-06-21T14:05:05+09:00,GBIKE,131472,50.0,36.51862,127.245199,12,세종특별시
2026-06-21T14:05:05+09:00,GBIKE,130869,81.0,36.518636,127.246326,12,세종특별시
2026-06-21T14:05:05+09:00,GBIKE,130553,80.0,36.518663,127.235298,12,세종특별시
2026-06-21T14:05:05+09:00,GBIKE,130377,50.0,36.518686,127.252562,12,세종특별시
2026-06-21T14:05:05+09:00,GBIKE,131272,36.0,36.518709,127.234803,12,세종특별시
2026-06-21T14:05:05+09:00,GBIKE,358227,99.0,36.518761,127.245071,12,세종특별시
2026-06-21T14:05:05+09:00,GBIKE,131475,35.0,36.518782,127.23567,12,세종특별시
2026-06-21T14:05:05+09:00,GBIKE,501355,31.0,36.518793,127.244514,12,세종특별시
2026-06-21T14:05:05+09:00,GBIKE,501300,33.0,36.518834,127.23788,12,세종특별시
2026-06-21T14:05:05+09:00,GBIKE,130961,31.0,36.518843,127.235466,12,세종특별시
2026-06-21T14:05:05+09:00,GBIKE,131821,94.0,36.518845,127.233397,12,세종특별시
2026-06-21T14:05:05+09:00,GBIKE,130424,34.0,36.518871,127.23473,12,세종특별시
2026-06-21T14:05:05+09:00,GBIKE,131216,55.0,36.518876,127.245487,12,세종특별시
2026-06-21T14:05:05+09:00,GBIKE,131445,82.0,36.518888,127.245881,12,세종특별시
2026-06-21T14:05:05+09:00,GBIKE,131113,51.0,36.518924,127.252302,12,세종특별시
2026-06-21T14:05:05+09:00,GBIKE,131126,37.0,36.518952,127.25214,12,세종특별시
2026-06-21T14:05:05+09:00,GBIKE,131147,45.0,36.518959,127.235935,12,세종특별시
2026-06-21T14:05:05+09:00,GBIKE,130628,45.0,36.519005,127.245163,12,세종특별시
2026-06-21T14:05:05+09:00,GBIKE,130110,63.0,36.519008,127.234587,12,세종특별시
2026-06-21T14:05:05+09:00,GBIKE,130868,86.0,36.519051,127.249979,12,세종특별시
2026-06-21T14:05:05+09:00,GBIKE,130257,85.0,36.519082,127.249118,12,세종특별시
2026-06-21T14:05:05+09:00,GBIKE,130392,72.0,36.519107,127.235114,12,세종특별시
2026-06-21T14:05:05+09:00,GBIKE,131328,100.0,36.519108,127.249249,12,세종특별시
2026-06-21T14:05:05+09:00,GBIKE,131627,77.0,36.519128,127.249327,12,세종특별시
2026-06-21T14:05:05+09:00,GBIKE,131191,73.0,36.519181,127.235785,12,세종특별시
2026-06-21T14:05:05+09:00,GBIKE,130567,82.0,36.519213,127.248884,12,세종특별시
2026-06-21T14:05:05+09:00,GBIKE,130397,98.0,36.519235,127.242865,12,세종특별시
2026-06-21T14:05:05+09:00,GBIKE,501279,80.0,36.519275,127.234225,12,세종특별시
2026-06-21T14:05:05+09:00,GBIKE,130612,76.0,36.519294,127.235742,12,세종특별시
2026-06-21T14:05:05+09:00,GBIKE,130858,89.0,36.519306,127.242776,12,세종특별시
2026-06-21T14:05:05+09:00,GBIKE,130188,80.0,36.519325,127.24864,12,세종특별시
2026-06-21T14:05:05+09:00,GBIKE,131060,71.0,36.51938,127.252813,12,세종특별시
2026-06-21T14:05:05+09:00,GBIKE,131760,95.0,36.519402,127.25293,12,세종특별시
2026-06-21T14:05:05+09:00,GBIKE,131427,63.0,36.519413,127.235825,12,세종특별시
2026-06-21T14:05:05+09:00,GBIKE,130597,33.0,36.519436,127.234495,12,세종특별시
2026-06-21T14:05:05+09:00,GBIKE,131685,86.0,36.519509,127.236887,12,세종특별시
2026-06-21T14:05:05+09:00,GBIKE,501287,30.0,36.519544,127.234748,12,세종특별시
2026-06-21T14:05:05+09:00,GBIKE,130177,96.0,36.519554,127.250754,12,세종특별시
2026-06-21T14:05:05+09:00,GBIKE,501164,55.0,36.519634,127.252237,12,세종특별시
2026-06-21T14:05:05+09:00,GBIKE,131424,71.0,36.519688,127.234605,12,세종특별시
2026-06-21T14:05:05+09:00,GBIKE,130547,40.0,36.519749,127.235352,12,세종특별시
2026-06-21T14:05:05+09:00,GBIKE,131240,33.0,36.519767,127.235281,12,세종특별시
2026-06-21T14:05:05+09:00,GBIKE,130051,100.0,36.519801,127.234657,12,세종특별시
2026-06-21T14:05:05+09:00,GBIKE,131063,32.0,36.519825,127.235459,12,세종특별시
2026-06-21T14:05:05+09:00,GBIKE,130322,35.0,36.519841,127.235696,12,세종특별시
2026-06-21T14:05:05+09:00,GBIKE,131948,30.0,36.519881,127.235841,12,세종특별시
2026-06-21T14:05:05+09:00,GBIKE,130732,30.0,36.51989,127.239989,12,세종특별시
2026-06-21T14:05:05+09:00,GBIKE,130871,90.0,36.519921,127.236351,12,세종특별시
2026-06-21T14:05:05+09:00,GBIKE,131109,96.0,36.519944,127.236812,12,세종특별시
2026-06-21T14:05:05+09:00,GBIKE,130975,81.0,36.520115,127.235695,12,세종특별시
2026-06-21T14:05:05+09:00,GBIKE,130158,57.0,36.520188,127.233898,12,세종특별시
2026-06-21T14:05:05+09:00,GBIKE,130898,100.0,36.52019,127.236542,12,세종특별시
2026-06-21T14:05:05+09:00,GBIKE,501174,100.0,36.520233,127.235408,12,세종특별시
2026-06-21T14:05:05+09:00,GBIKE,130106,88.0,36.520283,127.237028,12,세종특별시
2026-06-21T14:05:05+09:00,GBIKE,131720,100.0,36.520366,127.236484,12,세종특별시
2026-06-21T14:05:05+09:00,GBIKE,130658,96.0,36.520593,127.252462,12,세종특별시
2026-06-21T14:05:05+09:00,GBIKE,131516,95.0,36.52075,127.233368,12,세종특별시
2026-06-21T14:05:05+09:00,GBIKE,130942,100.0,36.520971,127.247219,12,세종특별시
2026-06-21T14:05:05+09:00,GBIKE,501537,90.0,36.521059,127.262169,12,세종특별시
2026-06-21T14:05:05+09:00,GBIKE,131053,75.0,36.521064,127.233166,12,세종특별시
2026-06-21T14:05:05+09:00,GBIKE,501249,74.0,36.521065,127.262136,12,세종특별시
2026-06-21T14:05:05+09:00,GBIKE,501110,69.0,36.521075,127.262166,12,세종특별시
2026-06-21T14:05:05+09:00,GBIKE,501143,89.0,36.52109,127.26214,12,세종특별시
2026-06-21T14:05:05+09:00,GBIKE,130340,76.0,36.521102,127.233159,12,세종특별시
2026-06-21T14:05:05+09:00,GBIKE,131597,86.0,36.521207,127.247502,12,세종특별시
2026-06-21T14:05:05+09:00,GBIKE,131721,45.0,36.521211,127.247535,12,세종특별시
2026-06-21T14:05:05+09:00,GBIKE,131239,70.0,36.521222,127.247505,12,세종특별시
2026-06-21T14:05:05+09:00,GBIKE,131511,95.0,36.52126,127.232965,12,세종특별시
2026-06-21T14:05:05+09:00,GBIKE,131827,46.0,36.52147,127.253353,12,세종특별시
2026-06-21T14:05:05+09:00,GBIKE,501589,30.0,36.521473,127.236316,12,세종특별시
2026-06-21T14:05:05+09:00,GBIKE,131181,40.0,36.521522,127.233548,12,세종특별시
2026-06-21T14:05:05+09:00,GBIKE,131159,35.0,36.521647,127.233895,12,세종특별시
2026-06-21T14:05:05+09:00,GBIKE,130262,92.0,36.521677,127.233388,12,세종특별시
2026-06-21T14:05:05+09:00,GBIKE,130133,92.0,36.521683,127.233319,12,세종특별시
2026-06-21T14:05:05+09:00,GBIKE,131095,32.0,36.521696,127.23384,12,세종특별시
2026-06-21T14:05:05+09:00,GBIKE,131122,56.0,36.521725,127.233339,12,세종특별시
2026-06-21T14:05:05+09:00,GBIKE,130217,52.0,36.521733,127.233427,12,세종특별시
2026-06-21T14:05:05+09:00,GBIKE,130111,34.0,36.521749,127.233348,12,세종특별시
2026-06-21T14:05:05+09:00,GBIKE,130431,41.0,36.521765,127.233351,12,세종특별시
2026-06-21T14:05:05+09:00,GBIKE,130851,47.0,36.521765,127.249585,12,세종특별시
2026-06-21T14:05:05+09:00,GBIKE,130182,55.0,36.521768,127.250462,12,세종특별시
2026-06-21T14:05:05+09:00,GBIKE,130933,75.0,36.521833,127.2342,12,세종특별시
2026-06-21T14:05:05+09:00,GBIKE,501186,100.0,36.521919,127.248527,12,세종특별시
2026-06-21T14:05:05+09:00,GBIKE,130672,77.0,36.521924,127.234366,12,세종특별시
2026-06-21T14:05:05+09:00,GBIKE,130463,50.0,36.521963,127.234422,12,세종특별시
2026-06-21T14:05:05+09:00,GBIKE,130521,43.0,36.521966,127.234411,12,세종특별시
2026-06-21T14:05:05+09:00,GBIKE,131287,75.0,36.52199,127.234419,12,세종특별시
2026-06-21T14:05:05+09:00,GBIKE,501256,33.0,36.521995,127.23449,12,세종특별시
2026-06-21T14:05:05+09:00,GBIKE,501594,79.0,36.522006,127.248952,12,세종특별시
2026-06-21T14:05:05+09:00,GBIKE,501293,51.0,36.522009,127.248928,12,세종특별시
2026-06-21T14:05:05+09:00,GBIKE,130248,90.0,36.522022,127.248834,12,세종특별시
2026-06-21T14:05:05+09:00,GBIKE,131928,46.0,36.522122,127.234832,12,세종특별시
2026-06-21T14:05:05+09:00,GBIKE,501158,45.0,36.522534,127.232395,12,세종특별시
2026-06-21T14:05:05+09:00,GBIKE,501385,88.0,36.522546,127.232363,12,세종특별시
2026-06-21T14:05:05+09:00,GBIKE,130085,34.0,36.522567,127.23234,12,세종특별시
2026-06-21T14:05:05+09:00,GBIKE,131395,66.0,36.522572,127.232369,12,세종특별시
2026-06-21T14:05:05+09:00,GBIKE,501294,53.0,36.522572,127.232349,12,세종특별시
2026-06-21T14:05:05+09:00,GBIKE,130115,92.0,36.522586,127.232351,12,세종특별시
2026-06-21T14:05:05+09:00,GBIKE,131125,61.0,36.522611,127.232351,12,세종특별시
2026-06-21T14:05:05+09:00,GBIKE,501155,30.0,36.523194,127.267495,12,세종특별시
2026-06-21T14:05:05+09:00,GBIKE,130744,98.0,36.523208,127.267321,12,세종특별시
2026-06-21T14:05:05+09:00,GBIKE,131543,41.0,36.523379,127.279217,12,세종특별시
2026-06-21T14:05:05+09:00,GBIKE,501156,100.0,36.524555,127.27141,12,세종특별시
2026-06-21T14:05:05+09:00,GBIKE,131782,55.0,36.524566,127.271419,12,세종특별시
2026-06-21T14:05:05+09:00,GBIKE,130820,66.0,36.524694,127.263081,12,세종특별시
2026-06-21T14:05:05+09:00,GBIKE,131246,33.0,36.524708,127.268604,12,세종특별시
2026-06-21T14:05:05+09:00,GBIKE,131382,78.0,36.524732,127.26157,12,세종특별시
2026-06-21T14:05:05+09:00,GBIKE,130911,72.0,36.525204,127.270712,12,세종특별시
2026-06-21T14:05:05+09:00,GBIKE,130084,35.0,36.525916,127.263433,12,세종특별시
2026-06-21T14:05:05+09:00,GBIKE,130101,30.0,36.526385,127.267211,12,세종특별시
2026-06-21T14:05:05+09:00,GBIKE,131205,30.0,36.526415,127.271987,12,세종특별시
2026-06-21T14:05:05+09:00,GBIKE,131484,57.0,36.526478,127.271984,12,세종특별시
2026-06-21T14:05:05+09:00,GBIKE,130941,80.0,36.526615,127.262982,12,세종특별시
2026-06-21T14:05:05+09:00,GBIKE,131103,63.0,36.526707,127.262661,12,세종특별시
2026-06-21T14:05:05+09:00,GBIKE,130290,32.0,36.526728,127.271535,12,세종특별시
2026-06-21T14:05:05+09:00,GBIKE,130432,31.0,36.526799,127.271471,12,세종특별시
2026-06-21T14:05:05+09:00,GBIKE,501114,41.0,36.52685,127.26998,12,세종특별시
2026-06-21T14:05:05+09:00,GBIKE,130506,100.0,36.526929,127.263258,12,세종특별시
2026-06-21T14:05:05+09:00,GBIKE,131143,70.0,36.527083,127.261595,12,세종특별시
2026-06-21T14:05:05+09:00,GBIKE,131306,79.0,36.527199,127.263775,12,세종특별시
2026-06-21T14:05:05+09:00,GBIKE,501352,63.0,36.527969,127.26445,12,세종특별시
2026-06-21T14:05:05+09:00,GBIKE,131341,30.0,36.528018,127.262864,12,세종특별시
2026-06-21T14:05:05+09:00,GBIKE,130255,34.0,36.528032,127.270422,12,세종특별시
2026-06-21T14:05:05+09:00,GBIKE,130999,80.0,36.528342,127.248345,12,세종특별시
2026-06-21T14:05:05+09:00,GBIKE,501439,48.0,36.528481,127.269169,12,세종특별시
2026-06-21T14:05:05+09:00,GBIKE,131348,84.0,36.52866,127.264883,12,세종특별시
2026-06-21T14:05:05+09:00,GBIKE,131642,53.0,36.528954,127.263936,12,세종특별시
2026-06-21T14:05:05+09:00,GBIKE,131483,60.0,36.528959,127.263949,12,세종특별시
2026-06-21T14:05:05+09:00,GBIKE,131401,40.0,36.529155,127.264712,12,세종특별시
2026-06-21T14:05:05+09:00,GBIKE,130641,35.0,36.529261,127.264207,12,세종특별시
2026-06-21T14:05:05+09:00,GBIKE,130833,48.0,36.529263,127.264715,12,세종특별시
2026-06-21T14:05:05+09:00,GBIKE,131021,81.0,36.529264,127.264695,12,세종특별시
2026-06-21T14:05:05+09:00,GBIKE,131723,56.0,36.529359,127.264897,12,세종특별시
2026-06-21T14:05:05+09:00,GBIKE,131460,30.0,36.52937,127.264501,12,세종특별시
2026-06-21T14:05:05+09:00,GBIKE,130882,50.0,36.529373,127.264358,12,세종특별시
2026-06-21T14:05:05+09:00,GBIKE,131499,100.0,36.529439,127.264461,12,세종특별시
2026-06-21T14:05:05+09:00,GBIKE,130823,76.0,36.52944,127.264442,12,세종특별시
2026-06-21T14:05:05+09:00,GBIKE,131061,56.0,36.529442,127.264485,12,세종특별시
2026-06-21T14:05:05+09:00,GBIKE,131044,74.0,36.529457,127.264444,12,세종특별시
2026-06-21T14:05:05+09:00,GBIKE,130464,33.0,36.529466,127.264456,12,세종특별시
2026-06-21T14:05:05+09:00,GBIKE,130843,30.0,36.529488,127.264452,12,세종특별시
2026-06-21T14:05:05+09:00,GBIKE,131281,100.0,36.529489,127.264432,12,세종특별시
2026-06-21T14:05:05+09:00,GBIKE,131616,60.0,36.529495,127.264382,12,세종특별시
2026-06-21T14:05:05+09:00,GBIKE,130907,94.0,36.529539,127.264453,12,세종특별시
2026-06-21T14:05:05+09:00,GBIKE,130560,100.0,36.529543,127.267857,12,세종특별시
2026-06-21T14:05:05+09:00,GBIKE,130448,35.0,36.529553,127.267878,12,세종특별시
2026-06-21T14:05:05+09:00,GBIKE,131716,52.0,36.529667,127.26797,12,세종특별시
2026-06-21T14:05:05+09:00,GBIKE,130803,78.0,36.529743,127.255153,12,세종특별시
2026-06-21T14:05:05+09:00,GBIKE,131212,65.0,36.529754,127.25499,12,세종특별시
2026-06-21T14:05:05+09:00,GBIKE,131010,81.0,36.529768,127.255224,12,세종특별시
2026-06-21T14:05:05+09:00,GBIKE,131489,35.0,36.52978,127.256019,12,세종특별시
2026-06-21T14:05:05+09:00,GBIKE,130105,60.0,36.529781,127.255045,12,세종특별시
2026-06-21T14:05:05+09:00,GBIKE,130142,62.0,36.529783,127.254921,12,세종특별시
2026-06-21T14:05:05+09:00,GBIKE,131291,100.0,36.529791,127.254923,12,세종특별시
2026-06-21T14:05:05+09:00,GBIKE,131426,48.0,36.529801,127.254913,12,세종특별시
2026-06-21T14:05:05+09:00,GBIKE,131184,41.0,36.529825,127.254868,12,세종특별시
2026-06-21T14:05:05+09:00,GBIKE,130979,50.0,36.529921,127.254597,12,세종특별시
2026-06-21T14:05:05+09:00,GBIKE,130309,30.0,36.530158,127.258555,12,세종특별시
2026-06-21T14:05:05+09:00,GBIKE,131446,50.0,36.530388,127.266192,12,세종특별시
2026-06-21T14:05:05+09:00,GBIKE,130918,80.0,36.530428,127.266154,12,세종특별시
2026-06-21T14:05:05+09:00,GBIKE,130613,30.0,36.530451,127.266228,12,세종특별시
2026-06-21T14:05:05+09:00,GBIKE,501488,61.0,36.530457,127.26746,12,세종특별시
2026-06-21T14:05:05+09:00,GBIKE,131160,53.0,36.530495,127.266309,12,세종특별시
2026-06-21T14:05:05+09:00,GBIKE,131930,30.0,36.530503,127.254848,12,세종특별시
2026-06-21T14:05:05+09:00,GBIKE,501388,95.0,36.530524,127.265661,12,세종특별시
2026-06-21T14:05:05+09:00,GBIKE,131170,100.0,36.530563,127.264763,12,세종특별시
2026-06-21T14:05:05+09:00,GBIKE,131958,66.0,36.530632,127.256854,12,세종특별시
2026-06-21T14:05:05+09:00,GBIKE,131262,63.0,36.530729,127.268974,12,세종특별시
2026-06-21T14:05:05+09:00,GBIKE,131163,54.0,36.530735,127.266748,12,세종특별시
2026-06-21T14:05:05+09:00,GBIKE,130513,36.0,36.530745,127.259008,12,세종특별시
2026-06-21T14:05:05+09:00,GBIKE,130684,30.0,36.530757,127.262284,12,세종특별시
2026-06-21T14:05:05+09:00,GBIKE,131215,76.0,36.530789,127.265932,12,세종특별시
2026-06-21T14:05:05+09:00,GBIKE,501500,38.0,36.530813,127.268898,12,세종특별시
2026-06-21T14:05:05+09:00,GBIKE,130203,85.0,36.530833,127.268696,12,세종특별시
2026-06-21T14:05:05+09:00,GBIKE,130585,100.0,36.530895,127.253554,12,세종특별시
2026-06-21T14:05:05+09:00,GBIKE,131592,44.0,36.530898,127.253109,12,세종특별시
2026-06-21T14:05:05+09:00,GBIKE,130770,100.0,36.530906,127.253108,12,세종특별시
2026-06-21T14:05:05+09:00,GBIKE,131522,69.0,36.53092,127.262523,12,세종특별시
2026-06-21T14:05:05+09:00,GBIKE,130316,95.0,36.530926,127.253089,12,세종특별시
2026-06-21T14:05:05+09:00,GBIKE,130586,100.0,36.530948,127.253552,12,세종특별시
2026-06-21T14:05:05+09:00,GBIKE,343326,35.0,36.531011,127.259373,12,세종특별시
2026-06-21T14:05:05+09:00,GBIKE,131927,47.0,36.531112,127.265741,12,세종특별시
2026-06-21T14:05:05+09:00,GBIKE,501550,100.0,36.531133,127.266384,12,세종특별시
2026-06-21T14:05:05+09:00,GBIKE,130457,30.0,36.531151,127.253966,12,세종특별시
2026-06-21T14:05:05+09:00,GBIKE,131601,100.0,36.531443,127.265467,12,세종특별시
2026-06-21T14:05:05+09:00,GBIKE,130667,54.0,36.531497,127.265903,12,세종특별시
2026-06-21T14:05:05+09:00,GBIKE,131413,30.0,36.531501,127.265552,12,세종특별시
2026-06-21T14:05:05+09:00,GBIKE,131769,42.0,36.531598,127.26207,12,세종특별시
2026-06-21T14:05:05+09:00,GBIKE,131553,86.0,36.531599,127.255457,12,세종특별시
2026-06-21T14:05:05+09:00,GBIKE,130767,66.0,36.531811,127.26573,12,세종특별시
2026-06-21T14:05:05+09:00,GBIKE,131700,57.0,36.531883,127.265247,12,세종특별시
2026-06-21T14:05:05+09:00,GBIKE,131676,30.0,36.531917,127.268667,12,세종특별시
2026-06-21T14:05:05+09:00,GBIKE,130201,100.0,36.531937,127.265677,12,세종특별시
2026-06-21T14:05:05+09:00,GBIKE,130312,100.0,36.532015,127.265562,12,세종특별시
2026-06-21T14:05:05+09:00,GBIKE,130785,51.0,36.53212,127.264287,12,세종특별시
2026-06-21T14:05:05+09:00,GBIKE,130660,36.0,36.532189,127.264345,12,세종특별시
2026-06-21T14:05:05+09:00,GBIKE,501240,30.0,36.532582,127.257046,12,세종특별시
2026-06-21T14:05:05+09:00,GBIKE,131981,30.0,36.532646,127.267189,12,세종특별시
2026-06-21T14:05:05+09:00,GBIKE,131383,95.0,36.532705,127.265148,12,세종특별시
2026-06-21T14:05:05+09:00,GBIKE,130722,80.0,36.532719,127.26512,12,세종특별시
2026-06-21T14:05:05+09:00,GBIKE,131757,55.0,36.532805,127.265424,12,세종특별시
2026-06-21T14:05:05+09:00,GBIKE,130564,64.0,36.53282,127.265434,12,세종특별시
2026-06-21T14:05:05+09:00,GBIKE,130754,88.0,36.533587,127.266272,12,세종특별시
2026-06-21T14:05:05+09:00,GBIKE,131648,35.0,36.533688,127.266832,12,세종특별시
2026-06-21T14:05:05+09:00,GBIKE,131658,33.0,36.534959,127.264372,12,세종특별시
2026-06-21T14:05:05+09:00,GBIKE,130447,80.0,36.535095,127.263488,12,세종특별시
2026-06-21T14:05:05+09:00,GBIKE,130050,36.0,36.542248,127.365383,12,세종특별시
2026-06-21T14:05:05+09:00,GBIKE,130723,80.0,36.5426,127.364713,12,세종특별시
2026-06-21T14:05:05+09:00,GBIKE,131363,42.0,36.542678,127.364788,12,세종특별시
2026-06-21T14:05:05+09:00,GBIKE,131888,73.0,36.542736,127.364774,12,세종특별시
2026-06-21T14:05:05+09:00,GBIKE,131372,41.0,36.54274,127.364797,12,세종특별시
2026-06-21T14:05:05+09:00,GBIKE,131476,93.0,36.542749,127.364768,12,세종특별시
2026-06-21T14:05:05+09:00,GBIKE,131243,71.0,36.542751,127.364786,12,세종특별시
2026-06-21T14:05:05+09:00,GBIKE,131549,67.0,36.542752,127.364753,12,세종특별시
2026-06-21T14:05:05+09:00,GBIKE,130028,100.0,36.542754,127.364767,12,세종특별시
2026-06-21T14:05:05+09:00,GBIKE,301478,50.0,36.542767,127.36581,12,세종특별시
2026-06-21T14:05:05+09:00,GBIKE,130650,45.0,36.542772,127.364743,12,세종특별시
2026-06-21T14:05:05+09:00,GBIKE,131429,67.0,36.542772,127.364773,12,세종특별시
2026-06-21T14:05:05+09:00,GBIKE,131189,91.0,36.542775,127.364761,12,세종특별시
2026-06-21T14:05:05+09:00,GBIKE,130915,52.0,36.542833,127.3647,12,세종특별시
2026-06-21T14:05:05+09:00,GBIKE,501228,100.0,36.542868,127.364729,12,세종특별시
2026-06-21T14:05:05+09:00,GBIKE,501559,100.0,36.542932,127.36435,12,세종특별시
2026-06-21T14:05:05+09:00,GBIKE,385850,30.0,36.585196,127.369438,12,세종특별시
2026-06-21T14:05:05+09:00,GBIKE,637500,73.0,36.585601,127.294761,12,세종특별시
2026-06-21T14:05:05+09:00,GBIKE,385504,61.0,36.585886,127.295251,12,세종특별시
2026-06-21T14:05:05+09:00,GBIKE,384782,62.0,36.588676,127.291876,12,세종특별시
2026-06-21T14:05:05+09:00,GBIKE,383611,59.0,36.588825,127.274546,12,세종특별시
2026-06-21T14:05:05+09:00,GBIKE,365682,38.0,36.589265,127.298868,12,세종특별시
2026-06-21T14:05:05+09:00,GBIKE,603062,49.0,36.589817,127.288589,12,세종특별시
2026-06-21T14:05:05+09:00,GBIKE,602329,62.0,36.5903,127.288395,12,세종특별시
2026-06-21T14:05:05+09:00,GBIKE,630534,33.0,36.590556,127.291661,12,세종특별시
2026-06-21T14:05:05+09:00,GBIKE,354814,33.0,36.590928,127.289155,12,세종특별시
2026-06-21T14:05:05+09:00,GBIKE,631743,88.0,36.591369,127.290232,12,세종특별시
2026-06-21T14:05:05+09:00,GBIKE,378077,30.0,36.591423,127.29003,12,세종특별시
2026-06-21T14:05:05+09:00,GBIKE,374639,30.0,36.591551,127.29188,12,세종특별시
2026-06-21T14:05:05+09:00,GBIKE,363988,54.0,36.591565,127.2903,12,세종특별시
2026-06-21T14:05:05+09:00,GBIKE,638316,32.0,36.591658,127.291779,12,세종특별시
2026-06-21T14:05:05+09:00,GBIKE,623923,47.0,36.591772,127.29149,12,세종특별시
2026-06-21T14:05:05+09:00,GBIKE,343439,34.0,36.59236,127.288025,12,세종특별시
2026-06-21T14:05:05+09:00,GBIKE,369813,45.0,36.5924,127.287861,12,세종특별시
2026-06-21T14:05:05+09:00,GBIKE,628141,58.0,36.592848,127.28687,12,세종특별시
2026-06-21T14:05:05+09:00,GBIKE,617002,44.0,36.592898,127.287083,12,세종특별시
2026-06-21T14:05:05+09:00,GBIKE,625545,74.0,36.592989,127.287864,12,세종특별시
2026-06-21T14:05:05+09:00,GBIKE,347727,88.0,36.593133,127.28919,12,세종특별시
2026-06-21T14:05:05+09:00,GBIKE,381658,30.0,36.593215,127.291403,12,세종특별시
2026-06-21T14:05:05+09:00,GBIKE,384327,35.0,36.594426,127.28692,12,세종특별시
2026-06-21T14:05:05+09:00,GBIKE,375544,36.0,36.594608,127.28848,12,세종특별시
2026-06-21T14:05:05+09:00,GBIKE,383788,30.0,36.594758,127.285415,12,세종특별시
2026-06-21T14:05:05+09:00,GBIKE,630979,62.0,36.594805,127.285479,12,세종특별시
2026-06-21T14:05:05+09:00,GBIKE,392507,31.0,36.594816,127.285518,12,세종특별시
2026-06-21T14:05:05+09:00,GBIKE,638836,43.0,36.594844,127.290886,12,세종특별시
2026-06-21T14:05:05+09:00,GBIKE,390480,92.0,36.594985,127.27958,12,세종특별시
2026-06-21T14:05:05+09:00,GBIKE,383605,30.0,36.59501,127.289535,12,세종특별시
2026-06-21T14:05:05+09:00,GBIKE,371981,30.0,36.595326,127.290863,12,세종특별시
2026-06-21T14:05:05+09:00,GBIKE,630536,52.0,36.595444,127.291183,12,세종특별시
2026-06-21T14:05:05+09:00,GBIKE,607530,37.0,36.595478,127.291181,12,세종특별시
2026-06-21T14:05:05+09:00,GBIKE,614674,82.0,36.595673,127.290781,12,세종특별시
2026-06-21T14:05:05+09:00,GBIKE,384350,33.0,36.596916,127.300061,12,세종특별시
2026-06-21T14:05:05+09:00,GBIKE,613103,43.0,36.596964,127.30177,12,세종특별시
2026-06-21T14:05:05+09:00,GBIKE,635266,30.0,36.598116,127.29535,12,세종특별시
2026-06-21T14:05:05+09:00,GBIKE,373517,67.0,36.598856,127.302781,12,세종특별시
2026-06-21T14:05:05+09:00,GBIKE,374564,30.0,36.59913,127.29732,12,세종특별시
2026-06-21T14:05:05+09:00,GBIKE,623340,30.0,36.599555,127.289532,12,세종특별시
2026-06-21T14:05:05+09:00,GBIKE,610792,40.0,36.599651,127.29007,12,세종특별시
2026-06-21T14:05:05+09:00,GBIKE,614001,36.0,36.599921,127.298397,12,세종특별시
2026-06-21T14:05:05+09:00,GBIKE,377732,87.0,36.60014,127.301511,12,세종특별시
2026-06-21T14:05:05+09:00,GBIKE,602862,36.0,36.600215,127.300911,12,세종특별시
2026-06-21T14:05:05+09:00,GBIKE,367806,69.0,36.60032,127.29523,12,세종특별시
2026-06-21T14:05:05+09:00,GBIKE,382545,46.0,36.600483,127.301911,12,세종특별시
2026-06-21T14:05:05+09:00,GBIKE,620595,93.0,36.60053,127.301249,12,세종특별시
2026-06-21T14:05:05+09:00,GBIKE,371887,71.0,36.600851,127.295216,12,세종특별시
2026-06-21T14:05:05+09:00,GBIKE,375444,50.0,36.601028,127.29503,12,세종특별시
2026-06-21T14:05:05+09:00,GBIKE,367102,30.0,36.601111,127.29509,12,세종특별시
2026-06-21T14:05:05+09:00,GBIKE,628874,63.0,36.601128,127.29511,12,세종특별시
2026-06-21T14:05:05+09:00,GBIKE,386976,36.0,36.601228,127.295075,12,세종특별시
2026-06-21T14:05:05+09:00,GBIKE,362212,33.0,36.601293,127.29164,12,세종특별시
2026-06-21T14:05:05+09:00,GBIKE,372002,32.0,36.601341,127.294896,12,세종특별시
2026-06-21T14:05:05+09:00,GBIKE,372751,33.0,36.601443,127.29485,12,세종특별시
2026-06-21T14:05:05+09:00,GBIKE,632681,40.0,36.601447,127.2979,12,세종특별시
2026-06-21T14:05:05+09:00,GBIKE,617006,32.0,36.601475,127.29507,12,세종특별시
2026-06-21T14:05:05+09:00,GBIKE,631918,50.0,36.601551,127.281088,12,세종특별시
2026-06-21T14:05:05+09:00,GBIKE,383566,31.0,36.601576,127.303496,12,세종특별시
2026-06-21T14:05:05+09:00,GBIKE,626555,46.0,36.601661,127.303458,12,세종특별시
2026-06-21T14:05:05+09:00,GBIKE,347317,47.0,36.601663,127.283603,12,세종특별시
2026-06-21T14:05:05+09:00,GBIKE,636622,89.0,36.60172,127.303358,12,세종특별시
2026-06-21T14:05:05+09:00,GBIKE,384300,50.0,36.601773,127.303378,12,세종특별시
2026-06-21T14:05:05+09:00,GBIKE,367059,48.0,36.601883,127.280045,12,세종특별시
2026-06-21T14:05:05+09:00,GBIKE,365775,37.0,36.601926,127.294901,12,세종특별시
2026-06-21T14:05:05+09:00,GBIKE,345485,30.0,36.601953,127.294798,12,세종특별시
2026-06-21T14:05:05+09:00,GBIKE,373224,67.0,36.60202,127.290093,12,세종특별시
2026-06-21T14:05:05+09:00,GBIKE,394153,87.0,36.602083,127.284838,12,세종특별시
2026-06-21T14:05:05+09:00,GBIKE,332032,35.0,36.60211,127.29065,12,세종특별시
2026-06-21T14:05:05+09:00,GBIKE,383706,31.0,36.602133,127.294841,12,세종특별시
2026-06-21T14:05:05+09:00,GBIKE,366495,50.0,36.602146,127.279975,12,세종특별시
2026-06-21T14:05:05+09:00,GBIKE,346312,100.0,36.602158,127.292421,12,세종특별시
2026-06-21T14:05:05+09:00,GBIKE,382436,73.0,36.602173,127.291646,12,세종특별시
2026-06-21T14:05:05+09:00,GBIKE,392234,97.0,36.602366,127.28199,12,세종특별시
2026-06-21T14:05:05+09:00,GBIKE,347574,55.0,36.602485,127.294848,12,세종특별시
2026-06-21T14:05:05+09:00,GBIKE,388650,100.0,36.602585,127.303388,12,세종특별시
2026-06-21T14:05:05+09:00,GBIKE,377611,43.0,36.602793,127.28004,12,세종특별시
2026-06-21T14:05:05+09:00,GBIKE,372817,67.0,36.602881,127.291356,12,세종특별시
2026-06-21T14:05:05+09:00,GBIKE,368833,35.0,36.602886,127.282318,12,세종특별시
2026-06-21T14:05:05+09:00,GBIKE,392835,30.0,36.60291,127.279925,12,세종특별시
2026-06-21T14:05:05+09:00,GBIKE,365321,72.0,36.602933,127.279895,12,세종특별시
2026-06-21T14:05:05+09:00,GBIKE,630518,45.0,36.602939,127.282343,12,세종특별시
2026-06-21T14:05:05+09:00,GBIKE,383734,55.0,36.602956,127.279865,12,세종특별시
2026-06-21T14:05:05+09:00,GBIKE,351964,35.0,36.603023,127.289603,12,세종특별시
2026-06-21T14:05:05+09:00,GBIKE,614604,84.0,36.603062,127.289978,12,세종특별시
2026-06-21T14:05:05+09:00,GBIKE,382572,68.0,36.603191,127.293926,12,세종특별시
2026-06-21T14:05:05+09:00,GBIKE,604153,42.0,36.603199,127.289517,12,세종특별시
2026-06-21T14:05:05+09:00,GBIKE,376034,42.0,36.603211,127.289535,12,세종특별시
2026-06-21T14:05:05+09:00,GBIKE,383623,40.0,36.603268,127.29155,12,세종특별시
2026-06-21T14:05:05+09:00,GBIKE,345320,54.0,36.603301,127.289818,12,세종특별시
2026-06-21T14:05:05+09:00,GBIKE,370368,100.0,36.603366,127.304426,12,세종특별시
2026-06-21T14:05:05+09:00,GBIKE,628466,34.0,36.603394,127.304844,12,세종특별시
2026-06-21T14:05:05+09:00,GBIKE,625563,86.0,36.60341,127.304862,12,세종특별시
2026-06-21T14:05:05+09:00,GBIKE,374698,49.0,36.603448,127.289566,12,세종특별시
2026-06-21T14:05:05+09:00,GBIKE,388399,41.0,36.603538,127.281635,12,세종특별시
2026-06-21T14:05:05+09:00,GBIKE,609454,93.0,36.603576,127.29281,12,세종특별시
2026-06-21T14:05:05+09:00,GBIKE,623385,94.0,36.603615,127.293166,12,세종특별시
2026-06-21T14:05:05+09:00,GBIKE,618900,38.0,36.603654,127.29106,12,세종특별시
2026-06-21T14:05:05+09:00,GBIKE,376341,42.0,36.603745,127.292598,12,세종특별시
2026-06-21T14:05:05+09:00,GBIKE,630894,58.0,36.603764,127.291094,12,세종특별시
2026-06-21T14:05:05+09:00,GBIKE,612261,79.0,36.603804,127.291434,12,세종특별시
2026-06-21T14:05:05+09:00,GBIKE,635969,67.0,36.603844,127.297523,12,세종특별시
2026-06-21T14:05:05+09:00,GBIKE,377781,98.0,36.60389,127.297235,12,세종특별시
2026-06-21T14:05:05+09:00,GBIKE,375093,30.0,36.603908,127.287095,12,세종특별시
2026-06-21T14:05:05+09:00,GBIKE,383829,31.0,36.603981,127.297543,12,세종특별시
2026-06-21T14:05:05+09:00,GBIKE,625542,85.0,36.604012,127.298899,12,세종특별시
2026-06-21T14:05:05+09:00,GBIKE,615987,90.0,36.604087,127.298765,12,세종특별시
2026-06-21T14:05:05+09:00,GBIKE,378994,42.0,36.604238,127.297018,12,세종특별시
2026-06-21T14:05:05+09:00,GBIKE,332859,74.0,36.604268,127.300201,12,세종특별시
2026-06-21T14:05:05+09:00,GBIKE,374614,92.0,36.604291,127.29702,12,세종특별시
2026-06-21T14:05:05+09:00,GBIKE,382652,49.0,36.604388,127.300781,12,세종특별시
2026-06-21T14:05:05+09:00,GBIKE,635581,59.0,36.60441,127.290358,12,세종특별시
2026-06-21T14:05:05+09:00,GBIKE,386463,33.0,36.604505,127.292526,12,세종특별시
2026-06-21T14:05:05+09:00,GBIKE,638303,91.0,36.604534,127.292562,12,세종특별시
2026-06-21T14:05:05+09:00,GBIKE,638335,45.0,36.604536,127.305856,12,세종특별시
2026-06-21T14:05:05+09:00,GBIKE,369480,90.0,36.604595,127.29248,12,세종특별시
2026-06-21T14:05:05+09:00,GBIKE,390538,84.0,36.604718,127.297595,12,세종특별시
2026-06-21T14:05:05+09:00,GBIKE,383739,37.0,36.604781,127.29068,12,세종특별시
2026-06-21T14:05:05+09:00,GBIKE,367874,30.0,36.60483,127.292431,12,세종특별시
2026-06-21T14:05:05+09:00,GBIKE,624058,44.0,36.604848,127.292545,12,세종특별시
2026-06-21T14:05:05+09:00,GBIKE,629532,30.0,36.604938,127.287893,12,세종특별시
2026-06-21T14:05:05+09:00,GBIKE,381932,31.0,36.604981,127.289711,12,세종특별시
2026-06-21T14:05:05+09:00,GBIKE,633367,90.0,36.605102,127.289948,12,세종특별시
2026-06-21T14:05:05+09:00,GBIKE,364026,33.0,36.605108,127.294156,12,세종특별시
2026-06-21T14:05:05+09:00,GBIKE,368846,33.0,36.605108,127.291198,12,세종특별시
2026-06-21T14:05:05+09:00,GBIKE,353905,52.0,36.605186,127.289726,12,세종특별시
2026-06-21T14:05:05+09:00,GBIKE,389105,32.0,36.605218,127.291721,12,세종특별시
2026-06-21T14:05:05+09:00,GBIKE,381375,92.0,36.605318,127.297415,12,세종특별시
2026-06-21T14:05:05+09:00,GBIKE,385508,86.0,36.605336,127.292276,12,세종특별시
2026-06-21T14:05:05+09:00,GBIKE,347346,32.0,36.605378,127.285678,12,세종특별시
2026-06-21T14:05:05+09:00,GBIKE,369717,95.0,36.605385,127.291881,12,세종특별시
2026-06-21T14:05:05+09:00,GBIKE,374321,71.0,36.605436,127.290486,12,세종특별시
2026-06-21T14:05:05+09:00,GBIKE,394836,74.0,36.605513,127.286525,12,세종특별시
2026-06-21T14:05:05+09:00,GBIKE,368537,49.0,36.605621,127.292765,12,세종특별시
2026-06-21T14:05:05+09:00,GBIKE,383781,30.0,36.60563,127.300511,12,세종특별시
2026-06-21T14:05:05+09:00,GBIKE,620391,89.0,36.605719,127.294068,12,세종특별시
2026-06-21T14:05:05+09:00,GBIKE,387673,100.0,36.60572,127.294081,12,세종특별시
2026-06-21T14:05:05+09:00,GBIKE,383778,34.0,36.605735,127.289481,12,세종특별시
2026-06-21T14:05:05+09:00,GBIKE,376326,30.0,36.605958,127.286655,12,세종특별시
2026-06-21T14:05:05+09:00,GBIKE,384302,57.0,36.606028,127.277433,12,세종특별시
2026-06-21T14:05:05+09:00,GBIKE,384342,50.0,36.606113,127.293325,12,세종특별시
2026-06-21T14:05:05+09:00,GBIKE,383890,34.0,36.60612,127.292278,12,세종특별시
2026-06-21T14:05:05+09:00,GBIKE,382570,64.0,36.606126,127.292193,12,세종특별시
2026-06-21T14:05:05+09:00,GBIKE,384693,95.0,36.606153,127.287775,12,세종특별시
2026-06-21T14:05:05+09:00,GBIKE,632897,50.0,36.606203,127.293988,12,세종특별시
2026-06-21T14:05:05+09:00,GBIKE,607348,91.0,36.606213,127.294019,12,세종특별시
2026-06-21T14:05:05+09:00,GBIKE,379855,42.0,36.606233,127.293183,12,세종특별시
2026-06-21T14:05:05+09:00,GBIKE,391985,86.0,36.606243,127.293175,12,세종특별시
2026-06-21T14:05:05+09:00,GBIKE,382998,55.0,36.606311,127.289301,12,세종특별시
2026-06-21T14:05:05+09:00,GBIKE,394330,69.0,36.60638,127.294115,12,세종특별시
2026-06-21T14:05:05+09:00,GBIKE,348036,62.0,36.606475,127.292928,12,세종특별시
2026-06-21T14:05:05+09:00,GBIKE,389748,30.0,36.606513,127.286393,12,세종특별시
2026-06-21T14:05:05+09:00,GBIKE,625200,83.0,36.606578,127.292952,12,세종특별시
2026-06-21T14:05:05+09:00,GBIKE,390746,59.0,36.606613,127.297151,12,세종특별시
2026-06-21T14:05:05+09:00,GBIKE,635165,70.0,36.60665,127.298751,12,세종특별시
2026-06-21T14:05:05+09:00,GBIKE,617731,59.0,36.606838,127.297073,12,세종특별시
2026-06-21T14:05:05+09:00,GBIKE,374569,31.0,36.606853,127.293958,12,세종특별시
2026-06-21T14:05:05+09:00,GBIKE,367389,95.0,36.606935,127.296636,12,세종특별시
2026-06-21T14:05:05+09:00,GBIKE,388632,73.0,36.606991,127.290141,12,세종특별시
2026-06-21T14:05:05+09:00,GBIKE,369515,31.0,36.607013,127.29047,12,세종특별시
2026-06-21T14:05:05+09:00,GBIKE,368766,39.0,36.607018,127.285425,12,세종특별시
2026-06-21T14:05:05+09:00,GBIKE,368384,50.0,36.607103,127.283605,12,세종특별시
2026-06-21T14:05:05+09:00,GBIKE,619363,48.0,36.607155,127.291906,12,세종특별시
2026-06-21T14:05:05+09:00,GBIKE,377098,63.0,36.607175,127.284298,12,세종특별시
2026-06-21T14:05:05+09:00,GBIKE,604547,39.0,36.607215,127.296995,12,세종특별시
2026-06-21T14:05:05+09:00,GBIKE,375429,32.0,36.607218,127.290868,12,세종특별시
2026-06-21T14:05:05+09:00,GBIKE,618647,73.0,36.607276,127.289121,12,세종특별시
2026-06-21T14:05:05+09:00,GBIKE,630971,58.0,36.607303,127.292544,12,세종특별시
2026-06-21T14:05:05+09:00,GBIKE,621289,85.0,36.607315,127.292451,12,세종특별시
2026-06-21T14:05:05+09:00,GBIKE,365795,41.0,36.607318,127.286208,12,세종특별시
2026-06-21T14:05:05+09:00,GBIKE,348952,100.0,36.607323,127.286298,12,세종특별시
2026-06-21T14:05:05+09:00,GBIKE,630578,68.0,36.607325,127.296916,12,세종특별시
2026-06-21T14:05:05+09:00,GBIKE,394908,86.0,36.607328,127.28633,12,세종특별시
2026-06-21T14:05:05+09:00,GBIKE,368132,38.0,36.607418,127.29245,12,세종특별시
2026-06-21T14:05:05+09:00,GBIKE,381308,67.0,36.607968,127.292813,12,세종특별시
2026-06-21T14:05:05+09:00,GBIKE,348243,95.0,36.608046,127.289146,12,세종특별시
2026-06-21T14:05:05+09:00,GBIKE,608840,54.0,36.608148,127.288329,12,세종특별시
2026-06-21T14:05:05+09:00,GBIKE,384361,94.0,36.608205,127.288313,12,세종특별시
2026-06-21T14:05:05+09:00,GBIKE,633047,66.0,36.60833,127.289103,12,세종특별시
2026-06-21T14:05:05+09:00,GBIKE,627925,71.0,36.608518,127.285617,12,세종특별시
2026-06-21T14:05:05+09:00,GBIKE,375487,31.0,36.60852,127.289178,12,세종특별시
2026-06-21T14:05:05+09:00,GBIKE,370374,31.0,36.608611,127.289476,12,세종특별시
2026-06-21T14:05:05+09:00,GBIKE,369487,30.0,36.608613,127.289291,12,세종특별시
2026-06-21T14:05:05+09:00,GBIKE,381468,80.0,36.608633,127.283736,12,세종특별시
2026-06-21T14:05:05+09:00,GBIKE,383266,88.0,36.60865,127.283885,12,세종특별시
2026-06-21T14:05:05+09:00,GBIKE,389216,79.0,36.608653,127.289148,12,세종특별시
2026-06-21T14:05:05+09:00,GBIKE,389490,68.0,36.608653,127.283886,12,세종특별시
2026-06-21T14:05:05+09:00,GBIKE,370217,59.0,36.608655,127.283785,12,세종특별시
2026-06-21T14:05:05+09:00,GBIKE,388389,88.0,36.608656,127.283895,12,세종특별시
2026-06-21T14:05:05+09:00,GBIKE,351622,37.0,36.608661,127.283861,12,세종특별시
2026-06-21T14:05:05+09:00,GBIKE,373770,91.0,36.608663,127.288871,12,세종특별시
2026-06-21T14:05:05+09:00,GBIKE,392829,87.0,36.608666,127.28885,12,세종특별시
2026-06-21T14:05:05+09:00,GBIKE,374566,79.0,36.608668,127.283861,12,세종특별시
2026-06-21T14:05:05+09:00,GBIKE,371895,63.0,36.608673,127.283775,12,세종특별시
2026-06-21T14:05:05+09:00,GBIKE,383197,86.0,36.608673,127.283971,12,세종특별시
2026-06-21T14:05:05+09:00,GBIKE,387829,51.0,36.608675,127.288863,12,세종특별시
2026-06-21T14:05:05+09:00,GBIKE,388893,55.0,36.608675,127.283788,12,세종특별시
2026-06-21T14:05:05+09:00,GBIKE,377780,89.0,36.60868,127.289008,12,세종특별시
2026-06-21T14:05:05+09:00,GBIKE,387860,49.0,36.60868,127.283845,12,세종특별시
2026-06-21T14:05:05+09:00,GBIKE,381351,53.0,36.608681,127.283781,12,세종특별시
2026-06-21T14:05:05+09:00,GBIKE,388764,30.0,36.608683,127.283756,12,세종특별시
2026-06-21T14:05:05+09:00,GBIKE,383321,85.0,36.608685,127.283768,12,세종특별시
2026-06-21T14:05:05+09:00,GBIKE,389159,87.0,36.608688,127.283816,12,세종특별시
2026-06-21T14:05:05+09:00,GBIKE,368693,48.0,36.608695,127.283851,12,세종특별시
2026-06-21T14:05:05+09:00,GBIKE,382936,40.0,36.608698,127.283861,12,세종특별시
2026-06-21T14:05:05+09:00,GBIKE,369437,77.0,36.6087,127.289163,12,세종특별시
2026-06-21T14:05:05+09:00,GBIKE,608280,99.0,36.608707,127.289116,12,세종특별시
2026-06-21T14:05:05+09:00,GBIKE,384392,72.0,36.608708,127.283821,12,세종특별시
2026-06-21T14:05:05+09:00,GBIKE,392076,82.0,36.608708,127.283758,12,세종특별시
2026-06-21T14:05:05+09:00,GBIKE,369472,62.0,36.60871,127.283756,12,세종특별시
2026-06-21T14:05:05+09:00,GBIKE,352898,44.0,36.608711,127.28394,12,세종특별시
2026-06-21T14:05:05+09:00,GBIKE,372626,62.0,36.608716,127.283788,12,세종특별시
2026-06-21T14:05:05+09:00,GBIKE,376044,48.0,36.608716,127.283813,12,세종특별시
2026-06-21T14:05:05+09:00,GBIKE,382510,56.0,36.608716,127.283715,12,세종특별시
2026-06-21T14:05:05+09:00,GBIKE,383599,35.0,36.608716,127.283826,12,세종특별시
2026-06-21T14:05:05+09:00,GBIKE,376304,76.0,36.608718,127.283881,12,세종특별시
2026-06-21T14:05:05+09:00,GBIKE,384555,100.0,36.608723,127.283723,12,세종특별시
2026-06-21T14:05:05+09:00,GBIKE,367411,81.0,36.608725,127.288913,12,세종특별시
2026-06-21T14:05:05+09:00,GBIKE,374386,50.0,36.608726,127.283738,12,세종특별시
2026-06-21T14:05:05+09:00,GBIKE,366505,43.0,36.608728,127.283965,12,세종특별시
2026-06-21T14:05:05+09:00,GBIKE,368100,70.0,36.608728,127.289081,12,세종특별시
2026-06-21T14:05:05+09:00,GBIKE,383883,62.0,36.60873,127.283763,12,세종특별시
2026-06-21T14:05:05+09:00,GBIKE,383553,50.0,36.608731,127.283763,12,세종특별시
2026-06-21T14:05:05+09:00,GBIKE,389295,89.0,36.608731,127.283793,12,세종특별시
2026-06-21T14:05:05+09:00,GBIKE,611134,50.0,36.608732,127.2918,12,세종특별시
2026-06-21T14:05:05+09:00,GBIKE,347357,43.0,36.608735,127.28912,12,세종특별시
2026-06-21T14:05:05+09:00,GBIKE,387855,60.0,36.608735,127.289053,12,세종특별시
2026-06-21T14:05:05+09:00,GBIKE,374638,35.0,36.608736,127.283835,12,세종특별시
2026-06-21T14:05:05+09:00,GBIKE,367103,81.0,36.608745,127.283795,12,세종특별시
2026-06-21T14:05:05+09:00,GBIKE,636680,91.0,36.608748,127.28387,12,세종특별시
2026-06-21T14:05:05+09:00,GBIKE,375524,78.0,36.60875,127.283925,12,세종특별시
2026-06-21T14:05:05+09:00,GBIKE,348558,100.0,36.608753,127.289083,12,세종특별시
2026-06-21T14:05:05+09:00,GBIKE,363877,72.0,36.608756,127.283858,12,세종특별시
2026-06-21T14:05:05+09:00,GBIKE,367058,46.0,36.608756,127.28402,12,세종특별시
2026-06-21T14:05:05+09:00,GBIKE,378828,39.0,36.608756,127.288828,12,세종특별시
2026-06-21T14:05:05+09:00,GBIKE,377483,85.0,36.608758,127.283901,12,세종특별시
2026-06-21T14:05:05+09:00,GBIKE,390769,100.0,36.60876,127.289078,12,세종특별시
2026-06-21T14:05:05+09:00,GBIKE,392296,44.0,36.608761,127.289095,12,세종특별시
2026-06-21T14:05:05+09:00,GBIKE,375391,100.0,36.608765,127.289071,12,세종특별시
2026-06-21T14:05:05+09:00,GBIKE,607950,93.0,36.608765,127.289114,12,세종특별시
2026-06-21T14:05:05+09:00,GBIKE,386746,100.0,36.608768,127.289075,12,세종특별시
2026-06-21T14:05:05+09:00,GBIKE,365780,49.0,36.608771,127.283936,12,세종특별시
2026-06-21T14:05:05+09:00,GBIKE,384358,80.0,36.608775,127.283911,12,세종특별시
2026-06-21T14:05:05+09:00,GBIKE,381716,100.0,36.608776,127.28907,12,세종특별시
2026-06-21T14:05:05+09:00,GBIKE,390703,51.0,36.608776,127.283936,12,세종특별시
2026-06-21T14:05:05+09:00,GBIKE,385514,50.0,36.60878,127.283928,12,세종특별시
2026-06-21T14:05:05+09:00,GBIKE,345843,59.0,36.608781,127.283948,12,세종특별시
2026-06-21T14:05:05+09:00,GBIKE,625620,31.0,36.608781,127.283834,12,세종특별시
2026-06-21T14:05:05+09:00,GBIKE,382588,84.0,36.608785,127.283861,12,세종특별시
2026-06-21T14:05:05+09:00,GBIKE,366207,100.0,36.608786,127.289068,12,세종특별시
2026-06-21T14:05:05+09:00,GBIKE,385642,42.0,36.608786,127.28389,12,세종특별시
2026-06-21T14:05:05+09:00,GBIKE,617959,47.0,36.608786,127.283908,12,세종특별시
2026-06-21T14:05:05+09:00,GBIKE,384378,34.0,36.608788,127.283876,12,세종특별시
2026-06-21T14:05:05+09:00,GBIKE,387312,56.0,36.608793,127.283931,12,세종특별시
2026-06-21T14:05:05+09:00,GBIKE,355329,63.0,36.608795,127.283898,12,세종특별시
2026-06-21T14:05:05+09:00,GBIKE,365565,87.0,36.608801,127.283926,12,세종특별시
2026-06-21T14:05:05+09:00,GBIKE,367718,68.0,36.608821,127.283916,12,세종특별시
2026-06-21T14:05:05+09:00,GBIKE,625142,100.0,36.608822,127.289109,12,세종특별시
2026-06-21T14:05:05+09:00,GBIKE,371898,91.0,36.608831,127.28386,12,세종특별시
2026-06-21T14:05:05+09:00,GBIKE,604672,92.0,36.608831,127.289103,12,세종특별시
2026-06-21T14:05:05+09:00,GBIKE,612172,51.0,36.608833,127.288873,12,세종특별시
2026-06-21T14:05:05+09:00,GBIKE,622703,100.0,36.608835,127.288884,12,세종특별시
2026-06-21T14:05:05+09:00,GBIKE,365828,60.0,36.608836,127.28909,12,세종특별시
2026-06-21T14:05:05+09:00,GBIKE,629818,99.0,36.608843,127.289113,12,세종특별시
2026-06-21T14:05:05+09:00,GBIKE,383567,100.0,36.608845,127.289076,12,세종특별시
2026-06-21T14:05:05+09:00,GBIKE,616296,100.0,36.608846,127.289108,12,세종특별시
2026-06-21T14:05:05+09:00,GBIKE,617634,94.0,36.608846,127.289114,12,세종특별시
2026-06-21T14:05:05+09:00,GBIKE,377574,100.0,36.60885,127.289081,12,세종특별시
2026-06-21T14:05:05+09:00,GBIKE,383167,100.0,36.608853,127.289073,12,세종특별시
2026-06-21T14:05:05+09:00,GBIKE,615848,100.0,36.608855,127.288909,12,세종특별시
2026-06-21T14:05:05+09:00,GBIKE,377729,46.0,36.608858,127.28394,12,세종특별시
2026-06-21T14:05:05+09:00,GBIKE,369415,31.0,36.60886,127.291801,12,세종특별시
2026-06-21T14:05:05+09:00,GBIKE,395237,100.0,36.608878,127.289061,12,세종특별시
2026-06-21T14:05:05+09:00,GBIKE,369424,44.0,36.609038,127.285101,12,세종특별시
2026-06-21T14:05:05+09:00,GBIKE,365566,54.0,36.609043,127.286016,12,세종특별시
2026-06-21T14:05:05+09:00,GBIKE,374050,90.0,36.609051,127.286048,12,세종특별시
2026-06-21T14:05:05+09:00,GBIKE,367416,41.0,36.609058,127.286045,12,세종특별시
2026-06-21T14:05:05+09:00,GBIKE,638332,54.0,36.609065,127.286077,12,세종특별시
2026-06-21T14:05:05+09:00,GBIKE,390561,44.0,36.609071,127.286013,12,세종특별시
2026-06-21T14:05:05+09:00,GBIKE,372868,89.0,36.609093,127.286073,12,세종특별시
2026-06-21T14:05:05+09:00,GBIKE,390484,34.0,36.6091,127.28609,12,세종특별시
2026-06-21T14:05:05+09:00,GBIKE,380915,30.0,36.60911,127.285976,12,세종특별시
2026-06-21T14:05:05+09:00,GBIKE,380639,34.0,36.609263,127.29129,12,세종특별시
2026-06-21T14:05:05+09:00,GBIKE,382505,100.0,36.609295,127.292561,12,세종특별시
2026-06-21T14:05:05+09:00,GBIKE,349257,32.0,36.609325,127.292735,12,세종특별시
2026-06-21T14:05:05+09:00,GBIKE,368165,97.0,36.609555,127.293253,12,세종특별시
2026-06-21T14:05:05+09:00,GBIKE,636806,38.0,36.609591,127.291072,12,세종특별시
2026-06-21T14:05:05+09:00,GBIKE,383163,92.0,36.609646,127.288595,12,세종특별시
2026-06-21T14:05:05+09:00,GBIKE,383624,83.0,36.609653,127.28689,12,세종특별시
2026-06-21T14:05:05+09:00,GBIKE,372399,33.0,36.609668,127.286911,12,세종특별시
2026-06-21T14:05:05+09:00,GBIKE,385638,32.0,36.609691,127.286855,12,세종특별시
2026-06-21T14:05:05+09:00,GBIKE,388372,33.0,36.609705,127.286891,12,세종특별시
2026-06-21T14:05:05+09:00,GBIKE,630625,30.0,36.609807,127.293207,12,세종특별시
2026-06-21T14:05:05+09:00,GBIKE,610809,30.0,36.609923,127.29683,12,세종특별시
2026-06-21T14:05:05+09:00,GBIKE,389584,33.0,36.610378,127.289981,12,세종특별시
2026-06-21T14:05:05+09:00,GBIKE,618274,47.0,36.610379,127.28913,12,세종특별시
2026-06-21T14:05:05+09:00,GBIKE,370088,57.0,36.610388,127.289173,12,세종특별시
2026-06-21T14:05:05+09:00,GBIKE,377014,92.0,36.610391,127.289163,12,세종특별시
2026-06-21T14:05:05+09:00,GBIKE,624662,40.0,36.610401,127.289096,12,세종특별시
2026-06-21T14:05:05+09:00,GBIKE,618953,44.0,36.610406,127.289199,12,세종특별시
2026-06-21T14:05:05+09:00,GBIKE,638395,32.0,36.610406,127.28921,12,세종특별시
2026-06-21T14:05:05+09:00,GBIKE,367831,51.0,36.61042,127.289155,12,세종특별시
2026-06-21T14:05:05+09:00,GBIKE,613735,30.0,36.610427,127.293204,12,세종특별시
2026-06-21T14:05:05+09:00,GBIKE,628775,51.0,36.610431,127.28915,12,세종특별시
2026-06-21T14:05:05+09:00,GBIKE,367752,36.0,36.610506,127.285585,12,세종특별시
2026-06-21T14:05:05+09:00,GBIKE,365501,34.0,36.610511,127.296865,12,세종특별시
2026-06-21T14:05:05+09:00,GBIKE,392267,87.0,36.610511,127.28555,12,세종특별시
2026-06-21T14:05:05+09:00,GBIKE,362576,80.0,36.610515,127.28548,12,세종특별시
2026-06-21T14:05:05+09:00,GBIKE,376390,45.0,36.61052,127.285471,12,세종특별시
2026-06-21T14:05:05+09:00,GBIKE,366565,31.0,36.610521,127.285605,12,세종특별시
2026-06-21T14:05:05+09:00,GBIKE,345873,53.0,36.610533,127.28549,12,세종특별시
2026-06-21T14:05:05+09:00,GBIKE,384363,57.0,36.610535,127.293503,12,세종특별시
2026-06-21T14:05:05+09:00,GBIKE,387871,50.0,36.610538,127.285496,12,세종특별시
2026-06-21T14:05:05+09:00,GBIKE,364617,50.0,36.610545,127.285498,12,세종특별시
2026-06-21T14:05:05+09:00,GBIKE,352300,36.0,36.610546,127.285493,12,세종특별시
2026-06-21T14:05:05+09:00,GBIKE,379183,55.0,36.61055,127.285566,12,세종특별시
2026-06-21T14:05:05+09:00,GBIKE,361763,34.0,36.610551,127.285538,12,세종특별시
2026-06-21T14:05:05+09:00,GBIKE,380920,38.0,36.610553,127.285558,12,세종특별시
2026-06-21T14:05:05+09:00,GBIKE,383149,98.0,36.610558,127.285518,12,세종특별시
2026-06-21T14:05:05+09:00,GBIKE,343404,35.0,36.610571,127.29318,12,세종특별시
2026-06-21T14:05:05+09:00,GBIKE,617603,30.0,36.610576,127.285536,12,세종특별시
2026-06-21T14:05:05+09:00,GBIKE,612402,90.0,36.610577,127.285457,12,세종특별시
2026-06-21T14:05:05+09:00,GBIKE,367380,40.0,36.610586,127.285513,12,세종특별시
2026-06-21T14:05:05+09:00,GBIKE,611309,50.0,36.61059,127.293469,12,세종특별시
2026-06-21T14:05:05+09:00,GBIKE,626567,51.0,36.610594,127.28546,12,세종특별시
2026-06-21T14:05:05+09:00,GBIKE,385510,90.0,36.610596,127.285491,12,세종특별시
2026-06-21T14:05:05+09:00,GBIKE,362145,81.0,36.610616,127.285505,12,세종특별시
2026-06-21T14:05:05+09:00,GBIKE,384391,44.0,36.610618,127.28548,12,세종특별시
2026-06-21T14:05:05+09:00,GBIKE,390685,33.0,36.610671,127.297201,12,세종특별시
2026-06-21T14:05:05+09:00,GBIKE,384320,35.0,36.610686,127.298065,12,세종특별시
2026-06-21T14:05:05+09:00,GBIKE,375330,33.0,36.610771,127.291425,12,세종특별시
2026-06-21T14:05:05+09:00,GBIKE,394098,32.0,36.610773,127.298521,12,세종특별시
2026-06-21T14:05:05+09:00,GBIKE,367523,100.0,36.61088,127.289991,12,세종특별시
2026-06-21T14:05:05+09:00,GBIKE,614015,62.0,36.610942,127.285846,12,세종특별시
2026-06-21T14:05:05+09:00,GBIKE,380931,63.0,36.610993,127.286133,12,세종특별시
2026-06-21T14:05:05+09:00,GBIKE,377293,30.0,36.611021,127.286191,12,세종특별시
2026-06-21T14:05:05+09:00,GBIKE,386357,67.0,36.611041,127.28613,12,세종특별시
2026-06-21T14:05:05+09:00,GBIKE,383223,83.0,36.611058,127.289913,12,세종특별시
2026-06-21T14:05:05+09:00,GBIKE,368120,89.0,36.611063,127.289958,12,세종특별시
2026-06-21T14:05:05+09:00,GBIKE,378803,30.0,36.611066,127.286173,12,세종특별시
2026-06-21T14:05:05+09:00,GBIKE,376081,57.0,36.611076,127.290128,12,세종특별시
2026-06-21T14:05:05+09:00,GBIKE,390382,64.0,36.611083,127.289985,12,세종특별시
2026-06-21T14:05:05+09:00,GBIKE,377436,89.0,36.611086,127.289978,12,세종특별시
2026-06-21T14:05:05+09:00,GBIKE,372070,33.0,36.61109,127.289973,12,세종특별시
2026-06-21T14:05:05+09:00,GBIKE,378931,89.0,36.61109,127.289996,12,세종특별시
2026-06-21T14:05:05+09:00,GBIKE,339870,55.0,36.611095,127.290046,12,세종특별시
2026-06-21T14:05:05+09:00,GBIKE,363973,100.0,36.611098,127.290041,12,세종특별시
2026-06-21T14:05:05+09:00,GBIKE,627295,36.0,36.611103,127.29664,12,세종특별시
2026-06-21T14:05:05+09:00,GBIKE,388680,75.0,36.611106,127.290108,12,세종특별시
2026-06-21T14:05:05+09:00,GBIKE,363571,35.0,36.611113,127.289985,12,세종특별시
2026-06-21T14:05:05+09:00,GBIKE,377296,55.0,36.611113,127.289938,12,세종특별시
2026-06-21T14:05:05+09:00,GBIKE,368902,56.0,36.611118,127.290086,12,세종특별시
2026-06-21T14:05:05+09:00,GBIKE,366516,31.0,36.611123,127.287396,12,세종특별시
2026-06-21T14:05:05+09:00,GBIKE,381177,49.0,36.611123,127.29006,12,세종특별시
2026-06-21T14:05:05+09:00,GBIKE,383834,41.0,36.611126,127.29002,12,세종특별시
2026-06-21T14:05:05+09:00,GBIKE,379750,100.0,36.611128,127.289988,12,세종특별시
2026-06-21T14:05:05+09:00,GBIKE,383887,95.0,36.611128,127.289965,12,세종특별시
2026-06-21T14:05:05+09:00,GBIKE,385493,59.0,36.611128,127.289968,12,세종특별시
2026-06-21T14:05:05+09:00,GBIKE,394095,50.0,36.611128,127.290073,12,세종특별시
2026-06-21T14:05:05+09:00,GBIKE,620566,92.0,36.611129,127.287375,12,세종특별시
2026-06-21T14:05:05+09:00,GBIKE,601083,53.0,36.61113,127.290105,12,세종특별시
2026-06-21T14:05:05+09:00,GBIKE,363636,56.0,36.611133,127.289965,12,세종특별시
2026-06-21T14:05:05+09:00,GBIKE,637872,86.0,36.611136,127.287409,12,세종특별시
2026-06-21T14:05:05+09:00,GBIKE,370326,38.0,36.611138,127.287543,12,세종특별시
2026-06-21T14:05:05+09:00,GBIKE,372400,42.0,36.611145,127.290008,12,세종특별시
2026-06-21T14:05:05+09:00,GBIKE,338106,100.0,36.611148,127.290055,12,세종특별시
2026-06-21T14:05:05+09:00,GBIKE,355297,30.0,36.611148,127.289956,12,세종특별시
2026-06-21T14:05:05+09:00,GBIKE,388631,64.0,36.611148,127.290086,12,세종특별시
2026-06-21T14:05:05+09:00,GBIKE,344002,58.0,36.61115,127.289915,12,세종특별시
2026-06-21T14:05:05+09:00,GBIKE,377764,60.0,36.61115,127.28746,12,세종특별시
2026-06-21T14:05:05+09:00,GBIKE,372728,80.0,36.611153,127.287396,12,세종특별시
2026-06-21T14:05:05+09:00,GBIKE,383557,77.0,36.611155,127.287396,12,세종특별시
2026-06-21T14:05:05+09:00,GBIKE,383612,89.0,36.611155,127.287416,12,세종특별시
2026-06-21T14:05:05+09:00,GBIKE,389488,88.0,36.611158,127.287363,12,세종특별시
2026-06-21T14:05:05+09:00,GBIKE,603533,46.0,36.611159,127.287374,12,세종특별시
2026-06-21T14:05:05+09:00,GBIKE,376843,41.0,36.61116,127.29004,12,세종특별시
2026-06-21T14:05:05+09:00,GBIKE,638562,41.0,36.61116,127.289955,12,세종특별시
2026-06-21T14:05:05+09:00,GBIKE,364199,33.0,36.611173,127.289935,12,세종특별시
2026-06-21T14:05:05+09:00,GBIKE,631081,69.0,36.611182,127.287359,12,세종특별시
2026-06-21T14:05:05+09:00,GBIKE,367387,82.0,36.611186,127.287353,12,세종특별시
2026-06-21T14:05:05+09:00,GBIKE,390838,35.0,36.611186,127.287401,12,세종특별시
2026-06-21T14:05:05+09:00,GBIKE,616066,38.0,36.611187,127.287322,12,세종특별시
2026-06-21T14:05:05+09:00,GBIKE,364639,60.0,36.611191,127.28725,12,세종특별시
2026-06-21T14:05:05+09:00,GBIKE,381538,92.0,36.611191,127.28751,12,세종특별시
2026-06-21T14:05:05+09:00,GBIKE,379519,36.0,36.611195,127.287433,12,세종특별시
2026-06-21T14:05:05+09:00,GBIKE,375058,42.0,36.611196,127.287428,12,세종특별시
2026-06-21T14:05:05+09:00,GBIKE,382650,38.0,36.611203,127.28744,12,세종특별시
2026-06-21T14:05:05+09:00,GBIKE,382533,30.0,36.611206,127.287365,12,세종특별시
2026-06-21T14:05:05+09:00,GBIKE,389264,45.0,36.611208,127.287368,12,세종특별시
2026-06-21T14:05:05+09:00,GBIKE,367351,92.0,36.611211,127.287345,12,세종특별시
2026-06-21T14:05:05+09:00,GBIKE,371839,40.0,36.611211,127.287435,12,세종특별시
2026-06-21T14:05:05+09:00,GBIKE,390771,30.0,36.611211,127.287213,12,세종특별시
2026-06-21T14:05:05+09:00,GBIKE,370121,60.0,36.611213,127.28717,12,세종특별시
2026-06-21T14:05:05+09:00,GBIKE,383726,61.0,36.611213,127.287246,12,세종특별시
2026-06-21T14:05:05+09:00,GBIKE,373521,91.0,36.611216,127.28744,12,세종특별시
2026-06-21T14:05:05+09:00,GBIKE,384694,82.0,36.611218,127.287446,12,세종특별시
2026-06-21T14:05:05+09:00,GBIKE,373290,35.0,36.61122,127.287401,12,세종특별시
2026-06-21T14:05:05+09:00,GBIKE,624252,64.0,36.61122,127.287394,12,세종특별시
2026-06-21T14:05:05+09:00,GBIKE,384713,51.0,36.611223,127.287203,12,세종특별시
2026-06-21T14:05:05+09:00,GBIKE,604326,49.0,36.611223,127.287335,12,세종특별시
2026-06-21T14:05:05+09:00,GBIKE,374717,51.0,36.611225,127.287306,12,세종특별시
2026-06-21T14:05:05+09:00,GBIKE,375376,72.0,36.611225,127.287408,12,세종특별시
2026-06-21T14:05:05+09:00,GBIKE,375506,68.0,36.611225,127.28724,12,세종특별시
2026-06-21T14:05:05+09:00,GBIKE,386032,35.0,36.611225,127.28744,12,세종특별시
2026-06-21T14:05:05+09:00,GBIKE,389847,94.0,36.611225,127.28741,12,세종특별시
2026-06-21T14:05:05+09:00,GBIKE,639358,91.0,36.611225,127.287249,12,세종특별시
2026-06-21T14:05:05+09:00,GBIKE,380113,45.0,36.611231,127.28722,12,세종특별시
2026-06-21T14:05:05+09:00,GBIKE,393158,61.0,36.611238,127.287491,12,세종특별시
2026-06-21T14:05:05+09:00,GBIKE,382502,33.0,36.611241,127.287396,12,세종특별시
2026-06-21T14:05:05+09:00,GBIKE,378046,31.0,36.611248,127.28741,12,세종특별시
2026-06-21T14:05:05+09:00,GBIKE,386486,37.0,36.611255,127.287413,12,세종특별시
2026-06-21T14:05:05+09:00,GBIKE,390442,100.0,36.611255,127.287506,12,세종특별시
2026-06-21T14:05:05+09:00,GBIKE,392112,94.0,36.611258,127.287443,12,세종특별시
2026-06-21T14:05:05+09:00,GBIKE,376030,91.0,36.61126,127.287228,12,세종특별시
2026-06-21T14:05:05+09:00,GBIKE,390748,36.0,36.611271,127.287406,12,세종특별시
2026-06-21T14:05:05+09:00,GBIKE,372771,31.0,36.611296,127.287371,12,세종특별시
2026-06-21T14:05:05+09:00,GBIKE,364370,30.0,36.611511,127.284661,12,세종특별시
2026-06-21T14:05:05+09:00,GBIKE,386474,32.0,36.61153,127.284643,12,세종특별시
2026-06-21T14:05:05+09:00,GBIKE,612254,43.0,36.611546,127.284604,12,세종특별시
2026-06-21T14:05:05+09:00,GBIKE,377735,31.0,36.611946,127.284841,12,세종특별시
2026-06-21T14:05:05+09:00,GBIKE,383531,69.0,36.612038,127.284773,12,세종특별시
2026-06-21T14:05:05+09:00,GBIKE,392376,63.0,36.613028,127.293311,12,세종특별시
2026-06-21T14:05:05+09:00,GBIKE,347744,87.0,36.613296,127.331585,12,세종특별시
2026-06-21T14:05:05+09:00,GBIKE,385435,67.0,36.613308,127.331583,12,세종특별시
2026-06-21T14:05:05+09:00,GBIKE,347335,42.0,36.613748,127.290925,12,세종특별시
2026-06-21T14:05:05+09:00,GBIKE,367337,33.0,36.613763,127.2925,12,세종특별시
2026-06-21T14:05:05+09:00,GBIKE,387886,30.0,36.613773,127.290445,12,세종특별시
2026-06-21T14:05:05+09:00,GBIKE,601954,84.0,36.61389,127.290145,12,세종특별시
2026-06-21T14:05:05+09:00,GBIKE,380917,30.0,36.613895,127.290685,12,세종특별시
2026-06-21T14:05:05+09:00,GBIKE,384398,32.0,36.613971,127.292441,12,세종특별시
2026-06-21T14:05:05+09:00,GBIKE,628253,77.0,36.613981,127.292451,12,세종특별시
2026-06-21T14:05:05+09:00,GBIKE,638210,100.0,36.614018,127.315002,12,세종특별시
2026-06-21T14:05:05+09:00,GBIKE,385640,100.0,36.614066,127.29016,12,세종특별시
2026-06-21T14:05:05+09:00,GBIKE,603979,100.0,36.614075,127.290298,12,세종특별시
2026-06-21T14:05:05+09:00,GBIKE,626724,83.0,36.614093,127.290259,12,세종특별시
2026-06-21T14:05:05+09:00,GBIKE,355960,89.0,36.614098,127.292698,12,세종특별시
2026-06-21T14:05:05+09:00,GBIKE,611872,100.0,36.614102,127.2902,12,세종특별시
2026-06-21T14:05:05+09:00,GBIKE,613464,83.0,36.614103,127.290234,12,세종특별시
2026-06-21T14:05:05+09:00,GBIKE,615828,94.0,36.614103,127.290215,12,세종특별시
2026-06-21T14:05:05+09:00,GBIKE,392394,100.0,36.61411,127.290156,12,세종특별시
2026-06-21T14:05:05+09:00,GBIKE,612617,100.0,36.61411,127.29022,12,세종특별시
2026-06-21T14:05:05+09:00,GBIKE,347359,98.0,36.614111,127.290183,12,세종특별시
2026-06-21T14:05:05+09:00,GBIKE,389536,98.0,36.614125,127.290183,12,세종특별시
2026-06-21T14:05:05+09:00,GBIKE,394698,100.0,36.614125,127.290201,12,세종특별시
2026-06-21T14:05:05+09:00,GBIKE,390295,35.0,36.614725,127.288108,12,세종특별시
2026-06-21T14:05:05+09:00,GBIKE,375527,86.0,36.614813,127.288365,12,세종특별시
2026-06-21T14:05:05+09:00,GBIKE,377794,70.0,36.614821,127.284853,12,세종특별시
2026-06-21T14:05:05+09:00,GBIKE,383347,96.0,36.614836,127.28433,12,세종특별시
2026-06-21T14:05:05+09:00,GBIKE,612853,81.0,36.614906,127.28496,12,세종특별시
2026-06-21T14:05:05+09:00,GBIKE,637526,70.0,36.615302,127.360331,12,세종특별시
2026-06-21T14:05:05+09:00,GBIKE,367251,34.0,36.615383,127.29262,12,세종특별시
2026-06-21T14:05:05+09:00,GBIKE,371980,64.0,36.615631,127.286045,12,세종특별시
2026-06-21T14:05:05+09:00,GBIKE,631829,47.0,36.61573,127.287361,12,세종특별시
2026-06-21T14:05:05+09:00,GBIKE,379960,63.0,36.616015,127.287118,12,세종특별시
2026-06-21T14:05:05+09:00,GBIKE,382690,99.0,36.616063,127.360265,12,세종특별시
2026-06-21T14:05:05+09:00,GBIKE,372300,36.0,36.616611,127.28667,12,세종특별시
2026-06-21T14:05:05+09:00,GBIKE,384375,64.0,36.616831,127.329133,12,세종특별시
2026-06-21T14:05:05+09:00,GBIKE,609681,35.0,36.617406,127.285681,12,세종특별시
2026-06-21T14:05:05+09:00,GBIKE,130745,33.0,36.617507,127.285737,12,세종특별시
2026-06-21T14:05:05+09:00,GBIKE,372776,89.0,36.617553,127.290468,12,세종특별시
2026-06-21T14:05:05+09:00,GBIKE,604011,77.0,36.617943,127.285813,12,세종특별시
2026-06-21T14:05:05+09:00,GBIKE,368400,71.0,36.618043,127.321585,12,세종특별시
2026-06-21T14:05:05+09:00,GBIKE,375530,30.0,36.618186,127.285706,12,세종특별시
2026-06-21T14:05:05+09:00,GBIKE,617890,31.0,36.618263,127.285771,12,세종특별시
2026-06-21T14:05:05+09:00,GBIKE,617885,46.0,36.618286,127.285761,12,세종특별시
2026-06-21T14:05:05+09:00,GBIKE,333967,92.0,36.618813,127.290806,12,세종특별시
2026-06-21T14:05:05+09:00,GBIKE,383590,43.0,36.618901,127.288586,12,세종특별시
2026-06-21T14:05:05+09:00,GBIKE,386756,43.0,36.61891,127.288586,12,세종특별시
2026-06-21T14:05:05+09:00,GBIKE,373233,92.0,36.618975,127.284933,12,세종특별시
2026-06-21T14:05:05+09:00,GBIKE,620351,96.0,36.618988,127.318896,12,세종특별시
2026-06-21T14:05:05+09:00,GBIKE,368554,30.0,36.619125,127.289853,12,세종특별시
2026-06-21T14:05:05+09:00,GBIKE,349173,42.0,36.61987,127.310753,12,세종특별시
2026-06-21T14:05:05+09:00,GBIKE,367800,36.0,36.62091,127.282471,12,세종특별시
2026-06-21T14:05:05+09:00,GBIKE,377277,92.0,36.621166,127.290566,12,세종특별시
2026-06-21T14:05:05+09:00,GBIKE,374732,39.0,36.62144,127.358601,12,세종특별시
2026-06-21T14:05:05+09:00,GBIKE,381558,100.0,36.621485,127.321955,12,세종특별시
2026-06-21T14:05:05+09:00,GBIKE,337661,78.0,36.621506,127.290936,12,세종특별시
2026-06-21T14:05:05+09:00,GBIKE,379714,54.0,36.62151,127.290941,12,세종특별시
2026-06-21T14:05:05+09:00,GBIKE,375561,31.0,36.622883,127.289176,12,세종특별시
2026-06-21T14:05:05+09:00,GBIKE,624613,40.0,36.622957,127.289454,12,세종특별시
2026-06-21T14:05:05+09:00,GBIKE,637354,44.0,36.622977,127.288981,12,세종특별시
2026-06-21T14:05:05+09:00,GBIKE,343399,100.0,36.623003,127.290195,12,세종특별시
2026-06-21T14:05:05+09:00,GBIKE,385639,72.0,36.624126,127.33088,12,세종특별시
2026-06-21T14:05:05+09:00,GBIKE,373728,63.0,36.625661,127.28847,12,세종특별시
2026-06-21T14:05:05+09:00,GBIKE,632299,41.0,36.629276,127.333273,12,세종특별시
2026-06-21T14:05:05+09:00,GBIKE,620356,93.0,36.631625,127.328545,12,세종특별시
2026-06-21T14:05:05+09:00,GBIKE,368357,67.0,36.656701,127.369016,12,세종특별시
